time	V(3)	V(6)
0.000000000000000e+000	-7.929628e-004	-4.261736e-003
3.571428613164635e-009	-7.819703e-004	-4.261910e-003
7.142857226329270e-009	-7.684654e-004	-4.261762e-003
1.071428583949391e-008	-7.524480e-004	-4.261293e-003
1.428571445265854e-008	-7.339183e-004	-4.260503e-003
1.785714306582317e-008	-7.128761e-004	-4.259392e-003
2.142857167898781e-008	-6.893216e-004	-4.257960e-003
2.500000029215244e-008	-6.632546e-004	-4.256207e-003
5.000000058430487e-008	-5.054834e-004	-4.229976e-003
1.000000011686097e-007	-1.926619e-004	-4.116820e-003
2.000000023372195e-007	4.314870e-004	-3.659417e-003
4.000000046744390e-007	1.680693e-003	-1.881702e-003
8.000000093488779e-007	4.180863e-003	4.717374e-003
1.600000018697756e-006	9.187473e-003	2.810377e-002
3.200000037395512e-006	1.921608e-002	1.006590e-001
5.136835929154863e-006	3.137034e-002	2.166031e-001
7.481848307020379e-006	4.608857e-002	3.763490e-001
1.163471156411721e-005	7.212870e-002	6.669241e-001
1.597758236886918e-005	9.929420e-002	9.686964e-001
2.325544236512542e-005	1.446006e-001	1.469417e+000
3.302106736512542e-005	2.049074e-001	2.134996e+000
4.278669236512542e-005	2.644709e-001	2.792367e+000
6.231794236512542e-005	3.803821e-001	4.072650e+000
7.208356736512542e-005	4.362936e-001	4.690855e+000
8.184919236512541e-005	4.905599e-001	5.291363e+000
9.161481736512541e-005	5.429769e-001	5.871915e+000
1.013804423651254e-004	5.933473e-001	6.430336e+000
1.111460673651254e-004	6.414814e-001	6.964524e+000
1.209116923651254e-004	6.871982e-001	7.472472e+000
1.306773173651254e-004	7.303255e-001	7.952270e+000
1.404429423651254e-004	7.707010e-001	8.402113e+000
1.502085673651254e-004	8.081728e-001	8.820309e+000
1.599741923651254e-004	8.425998e-001	9.205283e+000
1.697398173651254e-004	8.738525e-001	9.555589e+000
1.795054423651254e-004	9.018132e-001	9.869907e+000
1.892710673651254e-004	9.263768e-001	1.014706e+001
1.990366923651255e-004	9.474506e-001	1.038599e+001
2.088023173651255e-004	9.649555e-001	1.058582e+001
2.185679423651255e-004	9.788256e-001	1.074579e+001
2.283335673651255e-004	9.890085e-001	1.086529e+001
2.380991923651255e-004	9.954661e-001	1.094388e+001
2.478648173651255e-004	9.981740e-001	1.098127e+001
2.576304423651255e-004	9.971219e-001	1.097730e+001
2.673960673651255e-004	9.923140e-001	1.093201e+001
2.771616923651255e-004	9.837683e-001	1.084556e+001
2.869273173651255e-004	9.715168e-001	1.071828e+001
2.966929423651255e-004	9.556059e-001	1.055064e+001
3.064585673651255e-004	9.360952e-001	1.034328e+001
3.162241923651256e-004	9.130583e-001	1.009698e+001
3.259898173651256e-004	8.865819e-001	9.812669e+000
3.357554423651256e-004	8.567656e-001	9.491415e+000
3.455210673651256e-004	8.237217e-001	9.134430e+000
3.552866923651256e-004	7.875745e-001	8.743055e+000
3.650523173651256e-004	7.484600e-001	8.318766e+000
3.748179423651256e-004	7.065255e-001	7.863160e+000
3.845835673651256e-004	6.619288e-001	7.377952e+000
3.943491923651256e-004	6.148378e-001	6.864968e+000
4.041148173651256e-004	5.654297e-001	6.326141e+000
4.138804423651256e-004	5.138905e-001	5.763501e+000
4.236460673651257e-004	4.604141e-001	5.179169e+000
4.334116923651257e-004	4.052019e-001	4.575347e+000
4.529429423651257e-004	2.904069e-001	3.318439e+000
4.627085673651257e-004	2.312561e-001	2.670131e+000
4.724741923651257e-004	1.712321e-001	2.011916e+000
4.822398173651257e-004	1.105610e-001	1.346581e+000
4.920054423651257e-004	4.947690e-002	6.787645e-001
5.004096892010328e-004	-3.254798e-003	1.062549e-001
5.101753142010328e-004	-6.455242e-002	-5.653722e-001
5.144342347638691e-004	-9.123639e-002	-8.652217e-001
5.197452230814908e-004	-1.243989e-001	-1.236769e+000
5.256385822663442e-004	-1.609940e-001	-1.640600e+000
5.354042072663442e-004	-2.211087e-001	-2.304009e+000
5.451698322663443e-004	-2.804491e-001	-2.958951e+000
5.647010822663443e-004	-3.957526e-001	-4.232690e+000
5.842323322663443e-004	-5.051154e-001	-5.442625e+000
6.037635822663443e-004	-6.068927e-001	-6.570684e+000
6.232948322663443e-004	-6.995536e-001	-7.599933e+000
6.428260822663443e-004	-7.817045e-001	-8.514905e+000
6.623573322663444e-004	-8.521097e-001	-9.301846e+000
6.818885822663444e-004	-9.097104e-001	-9.948926e+000
7.014198322663444e-004	-9.536401e-001	-1.044642e+001
7.209510822663444e-004	-9.832381e-001	-1.078685e+001
7.404823322663444e-004	-9.980592e-001	-1.096510e+001
7.600135822663444e-004	-9.978805e-001	-1.097849e+001
7.795448322663445e-004	-9.827046e-001	-1.082680e+001
7.990760822663445e-004	-9.527600e-001	-1.051233e+001
8.186073322663445e-004	-9.084968e-001	-1.003980e+001
8.381385822663445e-004	-8.505809e-001	-9.416325e+000
8.576698322663445e-004	-7.798834e-001	-8.651292e+000
8.772010822663445e-004	-6.974677e-001	-7.756216e+000
8.967323322663446e-004	-6.045734e-001	-6.744569e+000
9.162635822663446e-004	-5.025976e-001	-5.631580e+000
9.357948322663446e-004	-3.930743e-001	-4.434016e+000
9.553260822663446e-004	-2.776508e-001	-3.169964e+000
9.650917072663446e-004	-2.182663e-001	-2.518979e+000
9.748573322663446e-004	-1.580635e-001	-1.858739e+000
9.846229572663446e-004	-9.726912e-002	-1.192135e+000
9.943885822663446e-004	-3.612068e-002	-5.247139e-001
1.001015155385016e-003	5.469169e-003	-7.347368e-002
1.010538237886904e-003	6.524095e-002	5.834228e-001
1.014971184746548e-003	9.300920e-002	8.954903e-001
1.020257529441228e-003	1.260061e-001	1.264340e+000
1.026147381518791e-003	1.625613e-001	1.667639e+000
1.035913006518791e-003	2.226371e-001	2.330652e+000
1.045678631518791e-003	2.819282e-001	2.985111e+000
1.065209881518792e-003	3.970985e-001	4.257429e+000
1.074975506518792e-003	4.525445e-001	4.870634e+000
1.084741131518792e-003	5.062842e-001	5.465463e+000
1.094506756518792e-003	5.581153e-001	6.039686e+000
1.104272381518792e-003	6.078428e-001	6.591145e+000
1.114038006518792e-003	6.552795e-001	7.117767e+000
1.123803631518792e-003	7.002470e-001	7.617574e+000
1.133569256518792e-003	7.425758e-001	8.088684e+000
1.143334881518792e-003	7.821068e-001	8.529326e+000
1.153100506518792e-003	8.186912e-001	8.937843e+000
1.162866131518792e-003	8.521912e-001	9.312696e+000
1.172631756518792e-003	8.824807e-001	9.652476e+000
1.182397381518792e-003	9.094458e-001	9.955905e+000
1.192163006518792e-003	9.329850e-001	1.022184e+001
1.201928631518792e-003	9.530096e-001	1.044928e+001
1.211694256518792e-003	9.694443e-001	1.063738e+001
1.221459881518792e-003	9.822273e-001	1.078542e+001
1.231225506518792e-003	9.913104e-001	1.089284e+001
1.240991131518792e-003	9.966595e-001	1.095926e+001
1.250756756518792e-003	9.982544e-001	1.098440e+001
1.260522381518792e-003	9.960891e-001	1.096819e+001
1.270288006518792e-003	9.901717e-001	1.091069e+001
1.280053631518792e-003	9.805247e-001	1.081210e+001
1.289819256518792e-003	9.671841e-001	1.067281e+001
1.299584881518792e-003	9.502002e-001	1.049334e+001
1.309350506518792e-003	9.296371e-001	1.027436e+001
1.319116131518792e-003	9.055720e-001	1.001670e+001
1.328881756518792e-003	8.780956e-001	9.721333e+000
1.338647381518792e-003	8.473112e-001	9.389366e+000
1.348413006518792e-003	8.133348e-001	9.022050e+000
1.358178631518792e-003	7.762942e-001	8.620770e+000
1.367944256518792e-003	7.363287e-001	8.187035e+000
1.377709881518792e-003	6.935890e-001	7.722478e+000
1.387475506518792e-003	6.482357e-001	7.228849e+000
1.397241131518792e-003	6.004397e-001	6.708007e+000
1.407006756518792e-003	5.503807e-001	6.161912e+000
1.416772381518792e-003	4.982473e-001	5.592623e+000
1.426538006518792e-003	4.442356e-001	5.002286e+000
1.436303631518792e-003	3.885489e-001	4.393128e+000
1.455834881518792e-003	2.729945e-001	3.127636e+000
1.465600506518792e-003	2.135618e-001	2.476127e+000
1.475366131518792e-003	1.533225e-001	1.815503e+000
1.485131756518792e-003	9.250361e-002	1.148706e+000
1.494897381518792e-003	3.134254e-002	4.822052e-001
1.501456734138277e-003	-9.829167e-003	3.619214e-002
1.509870809807159e-003	-6.264417e-002	-5.452641e-001
1.514491114758160e-003	-9.159175e-002	-8.706588e-001
1.519758391512575e-003	-1.244827e-001	-1.237759e+000
1.525456164545106e-003	-1.598661e-001	-1.628129e+000
1.535221789545106e-003	-2.199916e-001	-2.291668e+000
1.544987414545106e-003	-2.793496e-001	-2.946831e+000
1.564518664545106e-003	-3.947005e-001	-4.221058e+000
1.584049914545106e-003	-5.041266e-001	-5.431675e+000
1.603581164545106e-003	-6.059819e-001	-6.560580e+000
1.623112414545106e-003	-6.987348e-001	-7.590826e+000
1.642643664545106e-003	-7.809898e-001	-8.506931e+000
1.662174914545106e-003	-8.515099e-001	-9.295126e+000
1.681706164545106e-003	-9.092345e-001	-9.943562e+000
1.701237414545106e-003	-9.532952e-001	-1.044249e+001
1.720768664545106e-003	-9.830295e-001	-1.078442e+001
1.740299914545106e-003	-9.979900e-001	-1.096420e+001
1.759831164545106e-003	-9.979517e-001	-1.097913e+001
1.779362414545106e-003	-9.829153e-001	-1.082898e+001
1.798893664545106e-003	-9.531068e-001	-1.051601e+001
1.818424914545106e-003	-9.089746e-001	-1.004492e+001
1.837956164545106e-003	-8.511825e-001	-9.422819e+000
1.857487414545106e-003	-7.805997e-001	-8.659059e+000
1.877018664545106e-003	-6.982880e-001	-7.765138e+000
1.896549914545106e-003	-6.054853e-001	-6.754511e+000
1.916081164545106e-003	-5.035874e-001	-5.642394e+000
1.935612414545106e-003	-3.941272e-001	-4.445539e+000
1.955143664545106e-003	-2.787509e-001	-3.182019e+000
1.964909289545106e-003	-2.193838e-001	-2.531233e+000
1.974674914545106e-003	-1.591942e-001	-1.871140e+000
1.984440539545106e-003	-9.840876e-002	-1.204621e+000
1.994206164545106e-003	-3.726511e-002	-5.370241e-001
2.000853712566055e-003	4.455184e-003	-8.427674e-002
2.010619337566055e-003	6.574916e-002	5.889362e-001
2.014988143552843e-003	9.311536e-002	8.964648e-001
2.020291861199718e-003	1.262195e-001	1.266685e+000
2.026224342286881e-003	1.630374e-001	1.672896e+000
2.035989967286881e-003	2.231079e-001	2.335848e+000
2.045755592286880e-003	2.823915e-001	2.990227e+000
2.065286842286880e-003	3.975416e-001	4.262327e+000
2.075052467286880e-003	4.529749e-001	4.875396e+000
2.084818092286880e-003	5.067004e-001	5.470072e+000
2.094583717286879e-003	5.585157e-001	6.044124e+000
2.104349342286879e-003	6.082258e-001	6.595395e+000
2.114114967286879e-003	6.556438e-001	7.121814e+000
2.123880592286879e-003	7.005911e-001	7.621401e+000
2.133646217286879e-003	7.428985e-001	8.092278e+000
2.143411842286878e-003	7.824069e-001	8.532673e+000
2.153177467286878e-003	8.189674e-001	8.940930e+000
2.162943092286878e-003	8.524426e-001	9.315513e+000
2.172708717286878e-003	8.827063e-001	9.655011e+000
2.182474342286877e-003	9.096448e-001	9.958149e+000
2.192239967286877e-003	9.331566e-001	1.022379e+001
2.202005592286877e-003	9.531533e-001	1.045092e+001
2.211771217286877e-003	9.695594e-001	1.063870e+001
2.221536842286877e-003	9.823134e-001	1.078642e+001
2.231302467286876e-003	9.913672e-001	1.089353e+001
2.241068092286876e-003	9.966868e-001	1.095962e+001
2.250833717286876e-003	9.982520e-001	1.098444e+001
2.260599342286876e-003	9.960571e-001	1.096790e+001
2.270364967286876e-003	9.901102e-001	1.091007e+001
2.280130592286875e-003	9.804339e-001	1.081116e+001
2.289896217286875e-003	9.670644e-001	1.067155e+001
2.299661842286875e-003	9.500521e-001	1.049177e+001
2.309427467286875e-003	9.294610e-001	1.027248e+001
2.319193092286875e-003	9.053687e-001	1.001452e+001
2.328958717286874e-003	8.778657e-001	9.718858e+000
2.338724342286874e-003	8.470557e-001	9.386607e+000
2.348489967286874e-003	8.130547e-001	9.019018e+000
2.358255592286874e-003	7.759904e-001	8.617476e+000
2.368021217286874e-003	7.360026e-001	8.183492e+000
2.377786842286873e-003	6.932415e-001	7.718699e+000
2.387552467286873e-003	6.478683e-001	7.224848e+000
2.397318092286873e-003	6.000537e-001	6.703799e+000
2.407083717286873e-003	5.499777e-001	6.157514e+000
2.416849342286873e-003	4.978287e-001	5.588050e+000
2.426614967286872e-003	4.438030e-001	4.997556e+000
2.436380592286872e-003	3.881039e-001	4.388259e+000
2.455911842286872e-003	2.725299e-001	3.122544e+000
2.465677467286871e-003	2.130900e-001	2.470953e+000
2.475443092286871e-003	1.528452e-001	1.810268e+000
2.485208717286871e-003	9.202262e-002	1.143438e+000
2.494974342286871e-003	3.085968e-002	4.770749e-001
2.501527761392956e-003	-1.027531e-002	3.151626e-002
2.509799495524215e-003	-6.219690e-002	-5.403794e-001
2.514508015546517e-003	-9.169713e-002	-8.719890e-001
2.519786620083351e-003	-1.246586e-001	-1.239719e+000
2.525483547059484e-003	-1.600359e-001	-1.630000e+000
2.535249172059483e-003	-2.201593e-001	-2.293519e+000
2.545014797059483e-003	-2.795147e-001	-2.948653e+000
2.564546047059483e-003	-3.948585e-001	-4.222804e+000
2.584077297059482e-003	-5.042751e-001	-5.433319e+000
2.603608547059482e-003	-6.061187e-001	-6.562098e+000
2.623139797059481e-003	-6.988577e-001	-7.592194e+000
2.642671047059481e-003	-7.810972e-001	-8.508129e+000
2.652436672059481e-003	-8.178863e-001	-8.918911e+000
2.671967922059480e-003	-8.821115e-001	-9.638384e+000
2.691499172059480e-003	-9.330810e-001	-1.021294e+001
2.711030422059480e-003	-9.700280e-001	-1.063394e+001
2.730561672059479e-003	-9.923968e-001	-1.089505e+001
2.750092922059479e-003	-9.998509e-001	-1.099236e+001
2.769624172059478e-003	-9.922783e-001	-1.092439e+001
2.789155422059478e-003	-9.697928e-001	-1.069217e+001
2.808686672059477e-003	-9.327326e-001	-1.029918e+001
2.828217922059477e-003	-8.816553e-001	-9.751343e+000
2.847749172059477e-003	-8.173289e-001	-9.056904e+000
2.867280422059476e-003	-7.407210e-001	-8.226316e+000
2.886811672059476e-003	-6.529840e-001	-7.272083e+000
2.906342922059475e-003	-5.554374e-001	-6.208565e+000
2.925874172059475e-003	-4.495485e-001	-5.051778e+000
2.945405422059475e-003	-3.369100e-001	-3.819163e+000
2.955171047059474e-003	-2.785858e-001	-3.180210e+000
2.964936672059474e-003	-2.192161e-001	-2.529394e+000
2.974702297059474e-003	-1.590245e-001	-1.869279e+000
2.984467922059474e-003	-9.823770e-002	-1.202747e+000
2.994233547059474e-003	-3.709333e-002	-5.351818e-001
3.000879840632444e-003	4.619240e-003	-8.251610e-002
3.010632246100333e-003	6.582785e-002	5.900208e-001
3.015373498728539e-003	9.552433e-002	9.236678e-001
3.020568888887595e-003	1.279450e-001	1.285891e+000
3.026664202004991e-003	1.657591e-001	1.702914e+000
3.036429827004990e-003	2.257980e-001	2.365537e+000
3.046195452004990e-003	2.850383e-001	3.019448e+000
3.065726702004990e-003	4.000723e-001	4.290304e+000
3.075492327004990e-003	4.554331e-001	4.902594e+000
3.085257952004989e-003	5.090767e-001	5.496388e+000
3.095023577004989e-003	5.608014e-001	6.069459e+000
3.104789202004989e-003	6.104123e-001	6.619655e+000
3.114554827004989e-003	6.577227e-001	7.144907e+000
3.124320452004988e-003	7.025547e-001	7.643241e+000
3.134086077004988e-003	7.447394e-001	8.112783e+000
3.143851702004988e-003	7.841181e-001	8.551765e+000
3.153617327004988e-003	8.205426e-001	8.958537e+000
3.163382952004988e-003	8.538757e-001	9.331569e+000
3.173148577004987e-003	8.839920e-001	9.669456e+000
3.182914202004987e-003	9.107783e-001	9.970928e+000
3.192679827004987e-003	9.341335e-001	1.023485e+001
3.202445452004987e-003	9.539700e-001	1.046023e+001
3.212211077004987e-003	9.702128e-001	1.064622e+001
3.221976702004986e-003	9.828011e-001	1.079212e+001
3.231742327004986e-003	9.916874e-001	1.089739e+001
3.241507952004986e-003	9.968381e-001	1.096162e+001
3.251273577004986e-003	9.982340e-001	1.098458e+001
3.261039202004986e-003	9.958698e-001	1.096618e+001
3.270804827004985e-003	9.897544e-001	1.090650e+001
3.280570452004985e-003	9.799108e-001	1.080575e+001
3.290336077004985e-003	9.663760e-001	1.066432e+001
3.300101702004985e-003	9.492010e-001	1.048273e+001
3.309867327004985e-003	9.284505e-001	1.026169e+001
3.319632952004984e-003	9.042025e-001	1.000201e+001
3.329398577004984e-003	8.765483e-001	9.704671e+000
3.339164202004984e-003	8.455920e-001	9.370800e+000
3.348929827004984e-003	8.114501e-001	9.001652e+000
3.358695452004983e-003	7.742511e-001	8.598615e+000
3.368461077004983e-003	7.341350e-001	8.163206e+000
3.378226702004983e-003	6.912528e-001	7.697067e+000
3.387992327004983e-003	6.457659e-001	7.201950e+000
3.397757952004983e-003	5.978455e-001	6.679721e+000
3.407523577004982e-003	5.476720e-001	6.132347e+000
3.417289202004982e-003	4.954342e-001	5.561889e+000
3.427054827004982e-003	4.413286e-001	4.970500e+000
3.436820452004982e-003	3.855591e-001	4.360410e+000
3.456351702004981e-003	2.698731e-001	3.093428e+000
3.466117327004981e-003	2.103921e-001	2.441370e+000
3.475882952004981e-003	1.501164e-001	1.780339e+000
3.485648577004981e-003	8.927316e-002	1.113325e+000
3.495414202004981e-003	2.809982e-002	4.478585e-001
3.501958763901017e-003	-1.298392e-002	4.286802e-003
3.508142771329188e-003	-5.181086e-002	-4.239517e-001
3.512446044180963e-003	-7.879362e-002	-7.286768e-001
3.517204118422496e-003	-1.085531e-001	-1.061569e+000
3.522152983622622e-003	-1.393643e-001	-1.401860e+000
3.531918608622622e-003	-1.997160e-001	-2.067936e+000
3.541684233622622e-003	-2.593783e-001	-2.726355e+000
3.561215483622621e-003	-3.755618e-001	-4.009522e+000
3.580746733622621e-003	-4.861083e-001	-5.232191e+000
3.600277983622620e-003	-5.893551e-001	-6.376142e+000
3.619809233622620e-003	-6.837494e-001	-7.424204e+000
3.639340483622619e-003	-7.678713e-001	-8.360630e+000
3.658871733622619e-003	-8.404557e-001	-9.171345e+000
3.678402983622619e-003	-9.004107e-001	-9.844161e+000
3.697934233622618e-003	-9.468347e-001	-1.036897e+001
3.717465483622618e-003	-9.790293e-001	-1.073787e+001
3.736996733622617e-003	-9.965103e-001	-1.094533e+001
3.756527983622617e-003	-9.990149e-001	-1.098822e+001
3.776059233622617e-003	-9.865052e-001	-1.086590e+001
3.795590483622616e-003	-9.591694e-001	-1.058021e+001
3.815121733622616e-003	-9.174189e-001	-1.013543e+001
3.834652983622615e-003	-8.618814e-001	-9.538268e+000
3.854184233622615e-003	-7.933924e-001	-8.797713e+000
3.873715483622614e-003	-7.129818e-001	-7.924911e+000
3.893246733622614e-003	-6.218594e-001	-6.932999e+000
3.912777983622614e-003	-5.213956e-001	-5.836908e+000
3.932309233622614e-003	-4.131014e-001	-4.653148e+000
3.951840483622613e-003	-2.986058e-001	-3.399582e+000
3.961606108622613e-003	-2.395678e-001	-2.752532e+000
3.971371733622613e-003	-1.796311e-001	-2.095281e+000
3.981137358622613e-003	-1.190216e-001	-1.430561e+000
3.990902983622612e-003	-5.796887e-002	-7.628524e-001
4.000668608622612e-003	3.295962e-003	-9.687191e-002
4.010434233622612e-003	6.458379e-002	5.761407e-001
4.015651827022700e-003	9.726238e-002	9.431483e-001
4.020863998218572e-003	1.297823e-001	1.306389e+000
4.027057241839323e-003	1.681906e-001	1.729720e+000
4.036822866839322e-003	2.282002e-001	2.392053e+000
4.046588491839322e-003	2.874015e-001	3.045537e+000
4.066119741839322e-003	4.023309e-001	4.315275e+000
4.075885366839322e-003	4.576266e-001	4.926865e+000
4.085650991839321e-003	5.111969e-001	5.519867e+000
4.095416616839321e-003	5.628402e-001	6.092059e+000
4.105182241839321e-003	6.123620e-001	6.641290e+000
4.114947866839321e-003	6.595761e-001	7.165497e+000
4.124713491839321e-003	7.043048e-001	7.662707e+000
4.134479116839320e-003	7.463795e-001	8.131052e+000
4.144244741839320e-003	7.856421e-001	8.568769e+000
4.154010366839320e-003	8.219447e-001	8.974213e+000
4.163775991839320e-003	8.551507e-001	9.345856e+000
4.173541616839319e-003	8.851352e-001	9.682301e+000
4.183307241839319e-003	9.117851e-001	9.982283e+000
4.193072866839319e-003	9.350004e-001	1.024467e+001
4.202838491839319e-003	9.546935e-001	1.046848e+001
4.212604116839319e-003	9.707904e-001	1.065287e+001
4.222369741839318e-003	9.832305e-001	1.079715e+001
4.232135366839318e-003	9.919670e-001	1.090077e+001
4.241900991839318e-003	9.969669e-001	1.096335e+001
4.251666616839318e-003	9.982114e-001	1.098464e+001
4.261432241839318e-003	9.956960e-001	1.096458e+001
4.271197866839317e-003	9.894300e-001	1.090323e+001
4.280963491839317e-003	9.794370e-001	1.080084e+001
4.290729116839317e-003	9.657547e-001	1.065778e+001
4.300494741839317e-003	9.484345e-001	1.047459e+001
4.310260366839317e-003	9.275416e-001	1.025198e+001
4.320025991839316e-003	9.031546e-001	9.990759e+000
4.329791616839316e-003	8.753654e-001	9.691931e+000
4.339557241839316e-003	8.442786e-001	9.356616e+000
4.349322866839316e-003	8.100111e-001	8.986075e+000
4.359088491839316e-003	7.726919e-001	8.581705e+000
4.368854116839315e-003	7.324615e-001	8.145028e+000
4.378619741839315e-003	6.894712e-001	7.677687e+000
4.388385366839315e-003	6.438830e-001	7.181442e+000
4.398150991839315e-003	5.958685e-001	6.658163e+000
4.407916616839314e-003	5.456081e-001	6.109819e+000
4.417682241839314e-003	4.932913e-001	5.538477e+000
4.427447866839314e-003	4.391148e-001	4.946291e+000
4.437213491839314e-003	3.832827e-001	4.335496e+000
4.456744741839313e-003	2.674973e-001	3.067391e+000
4.466510366839313e-003	2.079800e-001	2.414920e+000
4.476275991839313e-003	1.476770e-001	1.753586e+000
4.486041616839313e-003	8.681578e-002	1.086416e+000
4.495807241839313e-003	2.563336e-002	4.221759e-001
4.502608814163492e-003	-1.706709e-002	-3.835588e-002
4.507467308389434e-003	-4.757173e-002	-3.765984e-001
4.512740008851487e-003	-8.062945e-002	-7.502083e-001
4.518067098882454e-003	-1.139381e-001	-1.121203e+000
4.523033165001149e-003	-1.448363e-001	-1.462244e+000
4.532798790001149e-003	-2.051275e-001	-2.127653e+000
4.542564415001149e-003	-2.647112e-001	-2.785219e+000
4.562095665001148e-003	-3.806777e-001	-4.066062e+000
4.581626915001148e-003	-4.909303e-001	-5.285570e+000
4.601158165001148e-003	-5.938107e-001	-6.425560e+000
4.620689415001147e-003	-6.877714e-001	-7.468918e+000
4.640220665001147e-003	-7.713995e-001	-8.399969e+000
4.659751915001146e-003	-8.434368e-001	-9.204717e+000
4.679283165001146e-003	-9.028000e-001	-9.871063e+000
4.698814415001145e-003	-9.485961e-001	-1.038899e+001
4.718345665001145e-003	-9.801365e-001	-1.075073e+001
4.737876915001145e-003	-9.969466e-001	-1.095082e+001
4.757408165001144e-003	-9.987736e-001	-1.098626e+001
4.776939415001144e-003	-9.855900e-001	-1.085652e+001
4.796470665001143e-003	-9.575942e-001	-1.056354e+001
4.816001915001143e-003	-9.152072e-001	-1.011174e+001
4.835533165001143e-003	-8.590666e-001	-9.507904e+000
4.855064415001142e-003	-7.900167e-001	-8.761134e+000
4.874595665001142e-003	-7.090961e-001	-7.882668e+000
4.894126915001141e-003	-6.175221e-001	-6.885727e+000
4.913658165001141e-003	-5.166719e-001	-5.785319e+000
4.933189415001140e-003	-4.080625e-001	-4.598019e+000
4.952720665001140e-003	-2.933274e-001	-3.341747e+000
4.962486290001140e-003	-2.341992e-001	-2.693673e+000
4.972251915001140e-003	-1.741925e-001	-2.035631e+000
4.982017540001139e-003	-1.135336e-001	-1.370389e+000
4.991783165001139e-003	-5.245274e-002	-7.033306e-001
5.001548790001139e-003	8.821453e-003	-3.693718e-002
5.010947953273955e-003	6.779997e-002	6.132045e-001
5.016839788511992e-003	1.046805e-001	1.026423e+000
5.022503959684564e-003	1.399823e-001	1.418979e+000
5.028937736873942e-003	1.798130e-001	1.857962e+000
5.038703361873942e-003	2.396741e-001	2.518688e+000
5.048468986873942e-003	2.986837e-001	3.170106e+000
5.068000236873941e-003	4.131033e-001	4.434383e+000
5.077765861873941e-003	4.680828e-001	5.042570e+000
5.087531486873941e-003	5.212975e-001	5.631736e+000
5.097297111873940e-003	5.725471e-001	6.199671e+000
5.107062736873940e-003	6.216388e-001	6.744241e+000
5.116828361873940e-003	6.683878e-001	7.263399e+000
5.126593986873940e-003	7.126181e-001	7.755193e+000
5.136359611873940e-003	7.541634e-001	8.217773e+000
5.146125236873939e-003	7.928671e-001	8.649401e+000
5.155890861873939e-003	8.285837e-001	9.048450e+000
5.165656486873939e-003	8.611787e-001	9.413420e+000
5.175422111873939e-003	8.905294e-001	9.742937e+000
5.185187736873939e-003	9.165254e-001	1.003576e+001
5.194953361873938e-003	9.390689e-001	1.029080e+001
5.204718986873938e-003	9.580749e-001	1.050708e+001
5.214484611873938e-003	9.734719e-001	1.068379e+001
5.224250236873938e-003	9.852020e-001	1.082028e+001
5.234015861873938e-003	9.932210e-001	1.091602e+001
5.243781486873937e-003	9.974989e-001	1.097066e+001
5.253547111873937e-003	9.980193e-001	1.098399e+001
5.263312736873937e-003	9.947805e-001	1.095597e+001
5.273078361873937e-003	9.877945e-001	1.088670e+001
5.282843986873937e-003	9.770877e-001	1.077644e+001
5.292609611873936e-003	9.627004e-001	1.062560e+001
5.302375236873936e-003	9.446868e-001	1.043477e+001
5.312140861873936e-003	9.231145e-001	1.020465e+001
5.321906486873936e-003	8.980649e-001	9.936108e+000
5.331672111873935e-003	8.696322e-001	9.630161e+000
5.341437736873935e-003	8.379234e-001	9.287960e+000
5.351203361873935e-003	8.030578e-001	8.910793e+000
5.360968986873935e-003	7.651668e-001	8.500080e+000
5.370734611873935e-003	7.243928e-001	8.057366e+000
5.380500236873934e-003	6.808895e-001	7.584320e+000
5.390265861873934e-003	6.348204e-001	7.082721e+000
5.400031486873934e-003	5.863590e-001	6.554458e+000
5.409797111873934e-003	5.356877e-001	6.001522e+000
5.419562736873934e-003	4.829973e-001	5.425996e+000
5.429328361873933e-003	4.284859e-001	4.830051e+000
5.439093986873933e-003	3.723589e-001	4.215936e+000
5.458625236873933e-003	2.561081e-001	2.942563e+000
5.468390861873933e-003	1.964220e-001	2.288176e+000
5.478156486873932e-003	1.359937e-001	1.625453e+000
5.487922111873932e-003	7.505144e-002	9.577156e-001
5.497687736873932e-003	1.383083e-002	2.955439e-001
5.503988415423411e-003	-2.573163e-002	-1.308146e-001
5.507586658308849e-003	-4.832503e-002	-3.842341e-001
5.511985835601454e-003	-7.591210e-002	-6.983607e-001
5.516613523624525e-003	-1.048602e-001	-1.020622e+000
5.522344620299286e-003	-1.405457e-001	-1.414889e+000
5.532110245299286e-003	-2.008947e-001	-2.080953e+000
5.541875870299286e-003	-2.605401e-001	-2.739181e+000
5.561407120299285e-003	-3.766766e-001	-4.021843e+000
5.580938370299285e-003	-4.871594e-001	-5.243826e+000
5.600469620299284e-003	-5.903267e-001	-6.386917e+000
5.620000870299284e-003	-6.846269e-001	-7.433959e+000
5.639532120299284e-003	-7.686415e-001	-8.369217e+000
5.659063370299283e-003	-8.411070e-001	-9.178635e+000
5.678594620299283e-003	-9.009333e-001	-9.850044e+000
5.698125870299282e-003	-9.472207e-001	-1.037335e+001
5.717657120299282e-003	-9.792729e-001	-1.074070e+001
5.737188370299282e-003	-9.966079e-001	-1.094655e+001
5.756719620299281e-003	-9.989649e-001	-1.098783e+001
5.776250870299281e-003	-9.863085e-001	-1.086389e+001
5.795782120299280e-003	-9.588290e-001	-1.057660e+001
5.815313370299280e-003	-9.169397e-001	-1.013030e+001
5.834844620299279e-003	-8.612708e-001	-9.531682e+000
5.854375870299279e-003	-7.926595e-001	-8.789772e+000
5.873907120299279e-003	-7.121377e-001	-7.915734e+000
5.893438370299278e-003	-6.209167e-001	-6.922725e+000
5.912969620299278e-003	-5.203685e-001	-5.825691e+000
5.932500870299277e-003	-4.120054e-001	-4.641157e+000
5.952032120299277e-003	-2.974573e-001	-3.386999e+000
5.961797745299277e-003	-2.383995e-001	-2.739724e+000
5.971563370299277e-003	-1.784475e-001	-2.082299e+000
5.981328995299276e-003	-1.178271e-001	-1.417463e+000
5.991094620299276e-003	-5.676799e-002	-7.498522e-001
6.000860245299276e-003	4.498836e-003	-8.374906e-002
6.010625870299276e-003	6.578408e-002	5.897512e-001
6.015968638627696e-003	9.924179e-002	9.653084e-001
6.021264969254157e-003	1.322778e-001	1.333953e+000
6.027519154363352e-003	1.710477e-001	1.761245e+000
6.037284779363352e-003	2.310216e-001	2.423190e+000
6.047050404363352e-003	2.901766e-001	3.076176e+000
6.066581654363351e-003	4.049823e-001	4.344589e+000
6.076347279363351e-003	4.602010e-001	4.955351e+000
6.086112904363351e-003	5.136846e-001	5.547418e+000
6.095878529363351e-003	5.652319e-001	6.118572e+000
6.105644154363351e-003	6.146487e-001	6.666665e+000
6.115409779363350e-003	6.617491e-001	7.189638e+000
6.125175404363350e-003	7.063559e-001	7.685525e+000
6.134941029363350e-003	7.483012e-001	8.152460e+000
6.144706654363350e-003	7.874270e-001	8.588687e+000
6.154472279363350e-003	8.235861e-001	8.992564e+000
6.164237904363349e-003	8.566425e-001	9.362574e+000
6.174003529363349e-003	8.864716e-001	9.697321e+000
6.183769154363349e-003	9.129614e-001	9.995548e+000
6.193534779363349e-003	9.360119e-001	1.025613e+001
6.203300404363349e-003	9.555365e-001	1.047810e+001
6.213066029363348e-003	9.714617e-001	1.066061e+001
6.222831654363348e-003	9.837275e-001	1.080297e+001
6.232597279363348e-003	9.922879e-001	1.090466e+001
6.242362904363348e-003	9.971105e-001	1.096528e+001
6.252128529363348e-003	9.981772e-001	1.098462e+001
6.261894154363347e-003	9.954841e-001	1.096261e+001
6.271659779363347e-003	9.890411e-001	1.089931e+001
6.281425404363347e-003	9.788727e-001	1.079498e+001
6.291191029363347e-003	9.650170e-001	1.065001e+001
6.300956654363346e-003	9.475262e-001	1.046495e+001
6.310722279363346e-003	9.264661e-001	1.024048e+001
6.320487904363346e-003	9.019161e-001	9.977465e+000
6.330253529363346e-003	8.739685e-001	9.676884e+000
6.340019154363346e-003	8.427284e-001	9.339872e+000
6.349784779363345e-003	8.083136e-001	8.967700e+000
6.359550404363345e-003	7.708535e-001	8.561766e+000
6.369316029363345e-003	7.304890e-001	8.123600e+000
6.379081654363345e-003	6.873721e-001	7.654852e+000
6.388847279363345e-003	6.416652e-001	7.157286e+000
6.398612904363344e-003	5.935403e-001	6.632775e+000
6.408378529363344e-003	5.431783e-001	6.083296e+000
6.418144154363344e-003	4.907691e-001	5.510919e+000
6.427909779363344e-003	4.365097e-001	4.917802e+000
6.437675404363344e-003	3.806044e-001	4.306184e+000
6.457206654363343e-003	2.647032e-001	3.036768e+000
6.466972279363343e-003	2.051436e-001	2.383817e+000
6.476737904363343e-003	1.448091e-001	1.722132e+000
6.486503529363343e-003	8.392712e-002	1.054793e+000
6.496269154363342e-003	2.273470e-002	3.912387e-001
6.502986047344339e-003	-1.943637e-002	-6.335451e-002
6.507339596699164e-003	-4.677108e-002	-3.673883e-001
6.512645464022545e-003	-8.004052e-002	-7.441599e-001
6.517345210730198e-003	-1.094326e-001	-1.071429e+000
6.522644838824445e-003	-1.424180e-001	-1.435553e+000
6.532410463824445e-003	-2.027408e-001	-2.101317e+000
6.542176088824445e-003	-2.623594e-001	-2.759259e+000
6.561707338824444e-003	-3.784221e-001	-4.041132e+000
6.581238588824444e-003	-4.888047e-001	-5.262039e+000
6.600769838824443e-003	-5.918472e-001	-6.403781e+000
6.620301088824443e-003	-6.859996e-001	-7.449219e+000
6.639832338824443e-003	-7.698458e-001	-8.382645e+000
6.659363588824442e-003	-8.421247e-001	-9.190028e+000
6.678894838824442e-003	-9.017493e-001	-9.859232e+000
6.698426088824441e-003	-9.478226e-001	-1.038020e+001
6.717957338824441e-003	-9.796517e-001	-1.074509e+001
6.737488588824440e-003	-9.967579e-001	-1.094844e+001
6.757019838824440e-003	-9.988838e-001	-1.098717e+001
6.776551088824440e-003	-9.859975e-001	-1.086070e+001
6.796082338824439e-003	-9.582928e-001	-1.057093e+001
6.815613588824439e-003	-9.161865e-001	-1.012223e+001
6.835144838824438e-003	-8.603117e-001	-9.521337e+000
6.854676088824438e-003	-7.915090e-001	-8.777306e+000
6.874207338824438e-003	-7.108132e-001	-7.901335e+000
6.893738588824437e-003	-6.194380e-001	-6.906609e+000
6.913269838824437e-003	-5.187579e-001	-5.808101e+000
6.932801088824436e-003	-4.102871e-001	-4.622358e+000
6.952332338824436e-003	-2.956573e-001	-3.367276e+000
6.962097963824436e-003	-2.365686e-001	-2.719651e+000
6.971863588824435e-003	-1.765926e-001	-2.061955e+000
6.981629213824435e-003	-1.159553e-001	-1.396940e+000
6.991394838824435e-003	-5.488655e-002	-7.295284e-001
7.001160463824435e-003	6.383376e-003	-6.325935e-002
7.010859064474602e-003	6.724422e-002	6.064321e-001
7.016423381099628e-003	1.020818e-001	9.971448e-001
7.021869314822658e-003	1.360371e-001	1.375459e+000
7.028216071065072e-003	1.753556e-001	1.808778e+000
7.037981696065072e-003	2.352747e-001	2.470130e+000
7.047747321065071e-003	2.943588e-001	3.122352e+000
7.067278571065071e-003	4.089760e-001	4.388746e+000
7.077044196065071e-003	4.640777e-001	4.998250e+000
7.086809821065070e-003	5.174298e-001	5.588897e+000
7.096575446065070e-003	5.688313e-001	6.158475e+000
7.106341071065070e-003	6.180889e-001	6.704843e+000
7.116106696065070e-003	6.650171e-001	7.225947e+000
7.125872321065070e-003	7.094395e-001	7.719828e+000
7.135637946065069e-003	7.511886e-001	8.184628e+000
7.145403571065069e-003	7.901075e-001	8.618600e+000
7.155169196065069e-003	8.260495e-001	9.020109e+000
7.164934821065069e-003	8.588796e-001	9.387647e+000
7.174700446065069e-003	8.884740e-001	9.719828e+000
7.184466071065068e-003	9.147214e-001	1.001540e+001
7.194231696065068e-003	9.375230e-001	1.027327e+001
7.203997321065068e-003	9.567930e-001	1.049244e+001
7.213762946065068e-003	9.724589e-001	1.067210e+001
7.223528571065068e-003	9.844617e-001	1.081158e+001
7.233294196065067e-003	9.927562e-001	1.091035e+001
7.243059821065067e-003	9.973112e-001	1.096803e+001
7.252825446065067e-003	9.981096e-001	1.098442e+001
7.262591071065067e-003	9.951482e-001	1.095946e+001
7.272356696065067e-003	9.884385e-001	1.089322e+001
7.282122321065066e-003	9.780055e-001	1.078598e+001
7.291887946065066e-003	9.638885e-001	1.063813e+001
7.301653571065066e-003	9.461406e-001	1.045022e+001
7.311419196065066e-003	9.248288e-001	1.022298e+001
7.321184821065065e-003	9.000331e-001	9.957246e+000
7.330950446065065e-003	8.718468e-001	9.654026e+000
7.340716071065065e-003	8.403761e-001	9.314462e+000
7.350481696065065e-003	8.057396e-001	8.939832e+000
7.360247321065065e-003	7.680674e-001	8.531546e+000
7.370012946065064e-003	7.275013e-001	8.091142e+000
7.379778571065064e-003	6.841941e-001	7.620276e+000
7.389544196065064e-003	6.383089e-001	7.120724e+000
7.399309821065064e-003	5.900182e-001	6.594365e+000
7.409075446065064e-003	5.395038e-001	6.043182e+000
7.418841071065063e-003	4.869558e-001	5.469253e+000
7.428606696065063e-003	4.325721e-001	4.874741e+000
7.438372321065063e-003	3.765573e-001	4.261889e+000
7.457903571065063e-003	2.604832e-001	2.990517e+000
7.467669196065062e-003	2.008608e-001	2.336854e+000
7.477434821065062e-003	1.404797e-001	1.674651e+000
7.487200446065062e-003	7.956748e-002	1.007084e+000
7.496966071065062e-003	1.836040e-002	3.442877e-001
7.503778877043794e-003	-2.441574e-002	-1.172277e-001
7.507665574140863e-003	-4.881944e-002	-3.903474e-001
7.512349013667757e-003	-7.818630e-002	-7.237961e-001
7.516972989324302e-003	-1.071052e-001	-1.045506e+000
7.522814806900137e-003	-1.434673e-001	-1.447144e+000
7.532580431900137e-003	-2.037856e-001	-2.112852e+000
7.542346056900137e-003	-2.633889e-001	-2.770626e+000
7.561877306900136e-003	-3.794096e-001	-4.052047e+000
7.581408556900136e-003	-4.897354e-001	-5.272343e+000
7.600939806900135e-003	-5.927070e-001	-6.413318e+000
7.620471056900135e-003	-6.867756e-001	-7.457846e+000
7.640002306900135e-003	-7.705264e-001	-8.390234e+000
7.659533556900134e-003	-8.426996e-001	-9.196464e+000
7.679064806900134e-003	-9.022098e-001	-9.864418e+000
7.698596056900133e-003	-9.481618e-001	-1.038406e+001
7.718127306900133e-003	-9.798646e-001	-1.074757e+001
7.737658556900133e-003	-9.968412e-001	-1.094949e+001
7.757189806900132e-003	-9.988363e-001	-1.098678e+001
7.776721056900132e-003	-9.858199e-001	-1.085888e+001
7.796252306900131e-003	-9.579877e-001	-1.056771e+001
7.815783556900132e-003	-9.157585e-001	-1.011764e+001
7.835314806900131e-003	-8.597673e-001	-9.515464e+000
7.854846056900131e-003	-7.908564e-001	-8.770234e+000
7.874377306900130e-003	-7.100621e-001	-7.893170e+000
7.893908556900130e-003	-6.185999e-001	-6.897474e+000
7.913439806900130e-003	-5.178452e-001	-5.798134e+000
7.932971056900129e-003	-4.093137e-001	-4.611708e+000
7.952502306900129e-003	-2.946377e-001	-3.356105e+000
7.962267931900129e-003	-2.355317e-001	-2.708283e+000
7.972033556900128e-003	-1.755423e-001	-2.050435e+000
7.981799181900128e-003	-1.148954e-001	-1.385320e+000
7.991564806900128e-003	-5.382131e-002	-7.180458e-001
8.001330431900128e-003	7.450902e-003	-5.186086e-002
8.010712516209929e-003	6.632727e-002	5.963399e-001
8.016190124581012e-003	1.006246e-001	9.810345e-001
8.021663743902176e-003	1.347587e-001	1.361283e+000
8.027892250425769e-003	1.733556e-001	1.786711e+000
8.037657875425769e-003	2.332991e-001	2.448324e+000
8.047423500425768e-003	2.924162e-001	3.100904e+000
8.066954750425768e-003	4.071213e-001	4.368239e+000
8.076720375425768e-003	4.622775e-001	4.978329e+000
8.086486000425767e-003	5.156908e-001	5.569637e+000
8.096251625425767e-003	5.671602e-001	6.139949e+000
8.106017250425767e-003	6.164919e-001	6.687119e+000
8.115782875425767e-003	6.635002e-001	7.209093e+000
8.125548500425767e-003	7.080084e-001	7.703907e+000
8.135314125425766e-003	7.498488e-001	8.169701e+000
8.145079750425766e-003	7.888638e-001	8.604721e+000
8.154845375425766e-003	8.249069e-001	9.007332e+000
8.164611000425766e-003	8.578421e-001	9.376019e+000
8.174376625425766e-003	8.875457e-001	9.709394e+000
8.184142250425765e-003	9.139057e-001	1.000620e+001
8.193907875425765e-003	9.368231e-001	1.026533e+001
8.203673500425765e-003	9.562114e-001	1.048580e+001
8.213439125425765e-003	9.719979e-001	1.066679e+001
8.223204750425765e-003	9.841229e-001	1.080761e+001
8.232970375425764e-003	9.925410e-001	1.090773e+001
8.242736000425764e-003	9.972203e-001	1.096678e+001
8.252501625425764e-003	9.981433e-001	1.098454e+001
8.262267250425764e-003	9.953066e-001	1.096095e+001
8.272032875425764e-003	9.887208e-001	1.089608e+001
8.281798500425763e-003	9.784107e-001	1.079019e+001
8.291564125425763e-003	9.644151e-001	1.064368e+001
8.301329750425763e-003	9.467866e-001	1.045709e+001
8.311095375425763e-003	9.255918e-001	1.023114e+001
8.320861000425762e-003	9.009101e-001	9.966663e+000
8.330626625425762e-003	8.728347e-001	9.664670e+000
8.340392250425762e-003	8.414712e-001	9.326291e+000
8.350157875425762e-003	8.069375e-001	8.952802e+000
8.359923500425762e-003	7.693638e-001	8.545609e+000
8.369689125425761e-003	7.288913e-001	8.106243e+000
8.379454750425761e-003	6.856725e-001	7.636360e+000
8.389220375425761e-003	6.398699e-001	7.137730e+000
8.398986000425761e-003	5.916561e-001	6.612228e+000
8.408751625425761e-003	5.412124e-001	6.061836e+000
8.418517250425760e-003	4.887288e-001	5.488626e+000
8.428282875425760e-003	4.344027e-001	4.894761e+000
8.438048500425760e-003	3.784387e-001	4.282481e+000
8.457579750425760e-003	2.624446e-001	3.012014e+000
8.467345375425759e-003	2.028513e-001	2.358681e+000
8.477111000425759e-003	1.424917e-001	1.696716e+000
8.486876625425759e-003	8.159337e-002	1.029252e+000
8.496642250425759e-003	2.039311e-002	3.661436e-001
8.503308638741051e-003	-2.146244e-002	-8.505967e-002
8.507386230048757e-003	-4.706519e-002	-3.706118e-001
8.512335298877929e-003	-7.810060e-002	-7.227014e-001
8.516694517728537e-003	-1.053684e-001	-1.026391e+000
8.522318606991163e-003	-1.403854e-001	-1.413124e+000
8.532084231991163e-003	-2.007348e-001	-2.079183e+000
8.541849856991163e-003	-2.603824e-001	-2.737439e+000
8.561381106991162e-003	-3.765253e-001	-4.020171e+000
8.580912356991162e-003	-4.870168e-001	-5.242247e+000
8.600443606991162e-003	-5.901949e-001	-6.385455e+000
8.619974856991161e-003	-6.845078e-001	-7.432635e+000
8.639506106991161e-003	-7.685370e-001	-8.368052e+000
8.659037356991160e-003	-8.410186e-001	-9.177646e+000
8.678568606991160e-003	-9.008624e-001	-9.849246e+000
8.698099856991159e-003	-9.471684e-001	-1.037276e+001
8.717631106991159e-003	-9.792399e-001	-1.074031e+001
8.737162356991159e-003	-9.965947e-001	-1.094639e+001
8.756693606991158e-003	-9.989718e-001	-1.098788e+001
8.776224856991158e-003	-9.863353e-001	-1.086416e+001
8.795756106991157e-003	-9.588753e-001	-1.057710e+001
8.815287356991157e-003	-9.170048e-001	-1.013099e+001
8.834818606991157e-003	-8.613537e-001	-9.532577e+000
8.854349856991156e-003	-7.927589e-001	-8.790851e+000
8.873881106991156e-003	-7.122523e-001	-7.916981e+000
8.893412356991155e-003	-6.210446e-001	-6.924120e+000
8.912943606991155e-003	-5.205079e-001	-5.827214e+000
8.932474856991154e-003	-4.121542e-001	-4.642785e+000
8.952006106991154e-003	-2.976133e-001	-3.388707e+000
8.961771731991154e-003	-2.385581e-001	-2.741463e+000
8.971537356991154e-003	-1.786082e-001	-2.084062e+000
8.981302981991153e-003	-1.179892e-001	-1.419241e+000
8.991068606991153e-003	-5.693100e-002	-7.516145e-001
9.000834231991153e-003	4.335555e-003	-8.552870e-002
9.010599856991153e-003	6.562197e-002	5.878599e-001
9.015796899714070e-003	9.816876e-002	9.532410e-001
9.021117348193343e-003	1.313590e-001	1.323755e+000
9.027307893350989e-003	1.697417e-001	1.746836e+000
9.037073518350989e-003	2.297315e-001	2.408950e+000
9.046839143350988e-003	2.889076e-001	3.062166e+000
9.066370393350988e-003	4.037701e-001	4.331187e+000
9.076136018350988e-003	4.590241e-001	4.942327e+000
9.085901643350988e-003	5.125474e-001	5.534823e+000
9.095667268350987e-003	5.641386e-001	6.106452e+000
9.105432893350987e-003	6.136035e-001	6.655066e+000
9.115198518350987e-003	6.607560e-001	7.178604e+000
9.124964143350987e-003	7.054185e-001	7.675097e+000
9.134729768350986e-003	7.474231e-001	8.142677e+000
9.144495393350986e-003	7.866114e-001	8.579586e+000
9.154261018350986e-003	8.228363e-001	8.984180e+000
9.164026643350986e-003	8.559611e-001	9.354937e+000
9.173792268350986e-003	8.858613e-001	9.690462e+000
9.183557893350985e-003	9.124243e-001	9.989492e+000
9.193323518350985e-003	9.355502e-001	1.025090e+001
9.203089143350985e-003	9.551519e-001	1.047371e+001
9.212854768350985e-003	9.711557e-001	1.065708e+001
9.222620393350985e-003	9.835013e-001	1.080032e+001
9.232386018350984e-003	9.921421e-001	1.090289e+001
9.242151643350984e-003	9.970459e-001	1.096441e+001
9.251917268350984e-003	9.981939e-001	1.098464e+001
9.261682893350984e-003	9.955820e-001	1.096352e+001
9.271448518350984e-003	9.892200e-001	1.090112e+001
9.281214143350983e-003	9.791318e-001	1.079767e+001
9.290979768350983e-003	9.653554e-001	1.065358e+001
9.300745393350983e-003	9.479426e-001	1.046937e+001
9.310511018350983e-003	9.269590e-001	1.024575e+001
9.320276643350983e-003	9.024835e-001	9.983555e+000
9.330042268350982e-003	8.746083e-001	9.683776e+000
9.339807893350982e-003	8.434383e-001	9.347540e+000
9.349573518350982e-003	8.090908e-001	8.976113e+000
9.359339143350982e-003	7.716951e-001	8.570894e+000
9.369104768350981e-003	7.313919e-001	8.133410e+000
9.378870393350981e-003	6.883329e-001	7.665304e+000
9.388636018350981e-003	6.426803e-001	7.168342e+000
9.398401643350981e-003	5.946057e-001	6.644393e+000
9.408167268350981e-003	5.442902e-001	6.095433e+000
9.417932893350980e-003	4.919231e-001	5.523529e+000
9.427698518350980e-003	4.377016e-001	4.930837e+000
9.437464143350980e-003	3.818297e-001	4.319594e+000
9.456995393350980e-003	2.659814e-001	3.050777e+000
9.466761018350979e-003	2.064410e-001	2.398045e+000
9.476526643350979e-003	1.461209e-001	1.736520e+000
9.486292268350979e-003	8.524837e-002	1.069256e+000
9.496057893350979e-003	2.406063e-002	4.052191e-001
9.502644372032217e-003	-1.729037e-002	-4.043658e-002
9.507334594045369e-003	-4.673759e-002	-3.669356e-001
9.513104924225168e-003	-8.291285e-002	-7.758087e-001
9.518374521233193e-003	-1.158564e-001	-1.142501e+000
9.523424856542491e-003	-1.472689e-001	-1.489081e+000
9.533190481542490e-003	-2.075337e-001	-2.154206e+000
9.542956106542490e-003	-2.670818e-001	-2.811385e+000
9.562487356542490e-003	-3.829506e-001	-4.091183e+000
9.582018606542489e-003	-4.930713e-001	-5.309273e+000
9.601549856542489e-003	-5.957876e-001	-6.447488e+000
9.621081106542489e-003	-6.895546e-001	-7.488743e+000
9.640612356542488e-003	-7.729619e-001	-8.417392e+000
9.660143606542488e-003	-8.447551e-001	-9.219477e+000
9.679674856542487e-003	-9.038544e-001	-9.882938e+000
9.699206106542487e-003	-9.493707e-001	-1.039781e+001
9.718737356542486e-003	-9.806195e-001	-1.075634e+001
9.738268606542486e-003	-9.971309e-001	-1.095315e+001
9.757799856542486e-003	-9.986564e-001	-1.098528e+001
9.777331106542485e-003	-9.851731e-001	-1.085224e+001
9.796862356542485e-003	-9.568838e-001	-1.055602e+001
9.816393606542484e-003	-9.142140e-001	-1.010109e+001
9.835924856542484e-003	-8.578055e-001	-9.494299e+000
9.855456106542484e-003	-7.885067e-001	-8.744770e+000
9.874987356542483e-003	-7.073600e-001	-7.863791e+000
9.894518606542483e-003	-6.155859e-001	-6.864623e+000
9.914049856542482e-003	-5.145648e-001	-5.762304e+000
9.933581106542482e-003	-4.058160e-001	-4.573441e+000
9.953112356542481e-003	-2.909755e-001	-3.315977e+000
9.962877981542481e-003	-2.318077e-001	-2.667454e+000
9.972643606542481e-003	-1.717706e-001	-2.009067e+000
9.982409231542481e-003	-1.110903e-001	-1.343603e+000
9.992174856542481e-003	-5.000257e-002	-6.754474e-001
1.000000000000000e-002	-8.993685e-004	-1.412103e-001
