time	V(a)
0.000000000000000e+000	0.000000e+000
9.999999717180685e-010	1.000000e-004
1.999999943436137e-009	2.000000e-004
1.000000000000000e-005	1.000000e+000
1.008959796116687e-005	1.000000e+000
1.026879388350060e-005	1.000000e+000
5.000000000000001e-004	1.000000e+000
5.002200002199974e-004	9.780000e-001
5.006600006599920e-004	9.340000e-001
5.100000000000002e-004	0.000000e+000
5.100070659988654e-004	0.000000e+000
5.100211979965957e-004	0.000000e+000
1.000000000000000e-003	0.000000e+000
1.000020273017336e-003	2.027302e-003
1.000060819052008e-003	6.081905e-003
1.010000000000000e-003	1.000000e+000
1.010220000455424e-003	1.000000e+000
1.010660001366271e-003	1.000000e+000
1.500000000000000e-003	1.000000e+000
1.500220000220001e-003	9.780000e-001
1.500660000660003e-003	9.340000e-001
1.510000000000000e-003	8.326673e-015
1.510007065998866e-003	2.775558e-015
1.510021197996596e-003	0.000000e+000
2.000000000000000e-003	0.000000e+000
2.000020273017893e-003	2.027302e-003
2.000060819053677e-003	6.081905e-003
2.010000000000000e-003	1.000000e+000
2.010220000455424e-003	1.000000e+000
2.010660001366271e-003	1.000000e+000
2.500000000000000e-003	1.000000e+000
2.500220000220001e-003	9.780000e-001
2.500660000660003e-003	9.340000e-001
2.510000000000000e-003	8.326673e-015
2.510007065998866e-003	2.775558e-015
2.510021197996596e-003	0.000000e+000
3.000000000000000e-003	0.000000e+000
3.000020273017902e-003	2.027302e-003
3.000060819053706e-003	6.081905e-003
3.010000000000000e-003	1.000000e+000
3.010220000455424e-003	1.000000e+000
3.010660001366271e-003	1.000000e+000
3.500000000000000e-003	1.000000e+000
3.500220000220001e-003	9.780000e-001
3.500660000660003e-003	9.340000e-001
3.510000000000000e-003	8.326673e-015
3.510007065998866e-003	2.775558e-015
3.510021197996596e-003	0.000000e+000
4.000000000000000e-003	0.000000e+000
4.000020273017902e-003	2.027302e-003
4.000060819053706e-003	6.081905e-003
4.010000000000000e-003	1.000000e+000
4.010220000455423e-003	1.000000e+000
4.010660001366271e-003	1.000000e+000
4.500000000000001e-003	1.000000e+000
4.500220000220001e-003	9.780000e-001
4.500660000660003e-003	9.340000e-001
4.510000000000000e-003	8.326673e-015
4.510007065998865e-003	2.775558e-015
4.510021197996596e-003	0.000000e+000
5.000000000000000e-003	0.000000e+000
5.000020273017936e-003	2.027302e-003
5.000060819053806e-003	6.081905e-003
5.010000000000000e-003	1.000000e+000
5.010220000455423e-003	1.000000e+000
5.010660001366271e-003	1.000000e+000
5.500000000000001e-003	1.000000e+000
5.500220000220001e-003	9.780000e-001
5.500660000660003e-003	9.340000e-001
5.510000000000000e-003	8.326673e-015
5.510007065998865e-003	2.775558e-015
5.510021197996596e-003	0.000000e+000
6.000000000000000e-003	0.000000e+000
6.000020273017936e-003	2.027302e-003
6.000060819053806e-003	6.081905e-003
6.010000000000000e-003	1.000000e+000
6.010220000455423e-003	1.000000e+000
6.010660001366271e-003	1.000000e+000
6.500000000000001e-003	1.000000e+000
6.500220000220001e-003	9.780000e-001
6.500660000660003e-003	9.340000e-001
6.510000000000000e-003	8.326673e-015
6.510007065998865e-003	2.775558e-015
6.510021197996596e-003	0.000000e+000
7.000000000000000e-003	0.000000e+000
7.000020273017936e-003	2.027302e-003
7.000060819053806e-003	6.081905e-003
7.010000000000000e-003	1.000000e+000
7.010220000455423e-003	1.000000e+000
7.010660001366271e-003	1.000000e+000
7.500000000000001e-003	1.000000e+000
7.500220000220001e-003	9.780000e-001
7.500660000660003e-003	9.340000e-001
7.510000000000000e-003	8.326673e-015
7.510007065998865e-003	2.775558e-015
7.510021197996596e-003	0.000000e+000
8.000000000000000e-003	0.000000e+000
8.000020273017936e-003	2.027302e-003
8.000060819053807e-003	6.081905e-003
8.010000000000000e-003	1.000000e+000
8.010220000455424e-003	1.000000e+000
8.010660001366271e-003	1.000000e+000
8.500000000000001e-003	1.000000e+000
8.500220000220002e-003	9.780000e-001
8.500660000660005e-003	9.340000e-001
8.510000000000000e-003	8.326673e-015
8.510007065998866e-003	2.775558e-015
8.510021197996596e-003	0.000000e+000
9.000000000000001e-003	0.000000e+000
9.000020273017929e-003	2.027302e-003
9.000060819053782e-003	6.081905e-003
9.010000000000001e-003	1.000000e+000
9.010220000455425e-003	1.000000e+000
9.010660001366272e-003	1.000000e+000
9.013300006831359e-003	1.000000e+000
9.500000000000002e-003	1.000000e+000
9.500220000220003e-003	9.780000e-001
9.500660000660006e-003	9.340000e-001
9.510000000000001e-003	8.326673e-015
9.510007065998867e-003	2.775558e-015
9.510021197996597e-003	0.000000e+000
1.000000000000000e-002	2.273737e-013
1.000002027301793e-002	2.027302e-003
1.000006081905378e-002	6.081905e-003
1.001000000000000e-002	1.000000e+000
1.001022000045542e-002	1.000000e+000
1.001066000136627e-002	1.000000e+000
1.050000000000000e-002	1.000000e+000
1.050022000022000e-002	9.780000e-001
1.050066000066001e-002	9.340000e-001
1.051000000000000e-002	8.326673e-015
1.051000706599887e-002	2.775558e-015
1.051002119799660e-002	0.000000e+000
1.100000000000000e-002	0.000000e+000
1.100002027301793e-002	2.027302e-003
1.100006081905378e-002	6.081905e-003
1.101000000000000e-002	1.000000e+000
1.101022000045542e-002	1.000000e+000
1.101066000136627e-002	1.000000e+000
1.150000000000000e-002	1.000000e+000
1.150022000022000e-002	9.780000e-001
1.150066000066000e-002	9.340000e-001
1.151000000000000e-002	8.326673e-015
1.151000706599887e-002	2.775558e-015
1.151002119799660e-002	0.000000e+000
1.200000000000000e-002	0.000000e+000
1.200002027301793e-002	2.027302e-003
1.200006081905378e-002	6.081905e-003
1.201000000000000e-002	1.000000e+000
1.201022000045542e-002	1.000000e+000
1.201066000136627e-002	1.000000e+000
1.250000000000000e-002	1.000000e+000
1.250022000022000e-002	9.780000e-001
1.250066000066001e-002	9.340000e-001
1.251000000000000e-002	8.326673e-015
1.251000706599887e-002	2.775558e-015
1.251002119799660e-002	0.000000e+000
1.300000000000000e-002	0.000000e+000
1.300002027301793e-002	2.027302e-003
1.300006081905378e-002	6.081905e-003
1.301000000000000e-002	1.000000e+000
1.301022000045543e-002	1.000000e+000
1.301066000136627e-002	1.000000e+000
1.350000000000000e-002	1.000000e+000
1.350022000022000e-002	9.780000e-001
1.350066000066001e-002	9.340000e-001
1.351000000000000e-002	8.326673e-015
1.351000706599887e-002	2.775558e-015
1.351002119799660e-002	0.000000e+000
1.390228094258636e-002	0.000000e+000
1.400000000000000e-002	2.273737e-013
1.400002027301793e-002	2.027302e-003
1.400006081905378e-002	6.081905e-003
1.401000000000000e-002	1.000000e+000
1.401022000045542e-002	1.000000e+000
1.401066000136627e-002	1.000000e+000
1.450000000000000e-002	1.000000e+000
1.450022000022000e-002	9.780000e-001
1.450066000066001e-002	9.340000e-001
1.451000000000000e-002	8.326673e-015
1.451000706599887e-002	2.775558e-015
1.451002119799660e-002	0.000000e+000
1.500000000000000e-002	0.000000e+000
1.500002027301793e-002	2.027302e-003
1.500006081905378e-002	6.081905e-003
1.501000000000000e-002	1.000000e+000
1.501022000045542e-002	1.000000e+000
1.501066000136627e-002	1.000000e+000
1.550000000000000e-002	1.000000e+000
1.550022000022000e-002	9.780000e-001
1.550066000066000e-002	9.340000e-001
1.551000000000000e-002	8.326673e-015
1.551000706599887e-002	2.775558e-015
1.551002119799660e-002	0.000000e+000
1.600000000000000e-002	0.000000e+000
1.600002027301793e-002	2.027302e-003
1.600006081905378e-002	6.081905e-003
1.601000000000000e-002	1.000000e+000
1.601022000045542e-002	1.000000e+000
1.601066000136627e-002	1.000000e+000
1.650000000000000e-002	1.000000e+000
1.650022000022000e-002	9.780000e-001
1.650066000066000e-002	9.340000e-001
1.651000000000000e-002	8.326673e-015
1.651000706599887e-002	2.775558e-015
1.651002119799660e-002	0.000000e+000
1.700000000000000e-002	0.000000e+000
1.700002027301812e-002	2.027302e-003
1.700006081905435e-002	6.081905e-003
1.701000000000000e-002	1.000000e+000
1.701022000045542e-002	1.000000e+000
1.701066000136627e-002	1.000000e+000
1.750000000000000e-002	1.000000e+000
1.750022000022000e-002	9.780000e-001
1.750066000066001e-002	9.340000e-001
1.751000000000000e-002	8.326673e-015
1.751000706599887e-002	2.775558e-015
1.751002119799660e-002	0.000000e+000
1.800000000000000e-002	0.000000e+000
1.800002027301812e-002	2.027302e-003
1.800006081905435e-002	6.081905e-003
1.801000000000000e-002	1.000000e+000
1.801022000045542e-002	1.000000e+000
1.801066000136627e-002	1.000000e+000
1.850000000000000e-002	1.000000e+000
1.850022000022000e-002	9.780000e-001
1.850066000066001e-002	9.340000e-001
1.850682000682003e-002	3.179993e-001
1.851000000000000e-002	8.326673e-015
1.851000706599887e-002	2.775558e-015
1.851002119799660e-002	0.000000e+000
1.900000000000000e-002	4.547474e-013
1.900002027301812e-002	2.027302e-003
1.900006081905435e-002	6.081905e-003
1.901000000000000e-002	1.000000e+000
1.901022000045542e-002	1.000000e+000
1.901066000136627e-002	1.000000e+000
1.950000000000000e-002	1.000000e+000
1.950022000022000e-002	9.780000e-001
1.950066000066000e-002	9.340000e-001
1.951000000000000e-002	8.326673e-015
1.951000706599887e-002	2.775558e-015
1.951002119799660e-002	0.000000e+000
2.000000000000000e-002	0.000000e+000
2.000002027301812e-002	2.027302e-003
2.000006081905435e-002	6.081905e-003
2.001000000000000e-002	1.000000e+000
2.001022000045542e-002	1.000000e+000
2.001066000136627e-002	1.000000e+000
2.050000000000000e-002	1.000000e+000
2.050022000022000e-002	9.780000e-001
2.050066000066000e-002	9.340000e-001
2.051000000000000e-002	8.326673e-015
2.051000706599887e-002	2.775558e-015
2.051002119799660e-002	0.000000e+000
2.100000000000000e-002	0.000000e+000
2.100002027301812e-002	2.027302e-003
2.100006081905435e-002	6.081905e-003
2.101000000000000e-002	1.000000e+000
2.101022000045542e-002	1.000000e+000
2.101066000136627e-002	1.000000e+000
2.150000000000000e-002	1.000000e+000
2.150022000022000e-002	9.780000e-001
2.150066000066001e-002	9.340000e-001
2.151000000000000e-002	8.326673e-015
2.151000706599887e-002	2.775558e-015
2.151002119799660e-002	0.000000e+000
2.200000000000000e-002	4.547474e-013
2.200002027301812e-002	2.027302e-003
2.200006081905435e-002	6.081905e-003
2.201000000000000e-002	1.000000e+000
2.201022000045542e-002	1.000000e+000
2.201066000136627e-002	1.000000e+000
2.250000000000000e-002	1.000000e+000
2.250022000022000e-002	9.780000e-001
2.250066000066000e-002	9.340000e-001
2.251000000000000e-002	8.326673e-015
2.251000706599887e-002	2.775558e-015
2.251002119799660e-002	0.000000e+000
2.300000000000000e-002	0.000000e+000
2.300002027301812e-002	2.027302e-003
2.300006081905434e-002	6.081905e-003
2.301000000000000e-002	1.000000e+000
2.301022000045542e-002	1.000000e+000
2.301066000136627e-002	1.000000e+000
2.306610011613309e-002	1.000000e+000
2.350000000000000e-002	1.000000e+000
2.350022000022000e-002	9.780000e-001
2.350066000066000e-002	9.340000e-001
2.351000000000000e-002	8.326673e-015
2.351000706599887e-002	2.775558e-015
2.351002119799660e-002	0.000000e+000
2.400000000000000e-002	0.000000e+000
2.400002027301812e-002	2.027302e-003
2.400006081905435e-002	6.081905e-003
2.401000000000000e-002	1.000000e+000
2.401022000045542e-002	1.000000e+000
2.401066000136627e-002	1.000000e+000
2.450000000000000e-002	1.000000e+000
2.450022000022000e-002	9.780000e-001
2.450066000066000e-002	9.340000e-001
2.451000000000000e-002	8.326673e-015
2.451000706599887e-002	2.775558e-015
2.451002119799660e-002	0.000000e+000
2.500000000000000e-002	0.000000e+000
2.500002027301812e-002	2.027302e-003
2.500006081905435e-002	6.081905e-003
2.501000000000000e-002	1.000000e+000
2.501022000045542e-002	1.000000e+000
2.501066000136627e-002	1.000000e+000
2.550000000000000e-002	1.000000e+000
2.550022000022000e-002	9.780000e-001
2.550066000066001e-002	9.340000e-001
2.551000000000000e-002	8.326673e-015
2.551000706599887e-002	2.775558e-015
2.551002119799660e-002	0.000000e+000
2.600000000000000e-002	0.000000e+000
2.600002027301812e-002	2.027302e-003
2.600006081905435e-002	6.081905e-003
2.601000000000000e-002	1.000000e+000
2.601022000045542e-002	1.000000e+000
2.601066000136627e-002	1.000000e+000
2.650000000000000e-002	1.000000e+000
2.650022000022000e-002	9.780000e-001
2.650066000066001e-002	9.340000e-001
2.651000000000000e-002	8.326673e-015
2.651000706599887e-002	2.775558e-015
2.651002119799660e-002	0.000000e+000
2.700000000000000e-002	4.547474e-013
2.700002027301812e-002	2.027302e-003
2.700006081905435e-002	6.081905e-003
2.701000000000000e-002	1.000000e+000
2.701022000045542e-002	1.000000e+000
2.701066000136627e-002	1.000000e+000
2.750000000000000e-002	1.000000e+000
2.750022000022000e-002	9.780000e-001
2.750066000066000e-002	9.340000e-001
2.751000000000000e-002	8.326673e-015
2.751000706599887e-002	2.775558e-015
2.751002119799660e-002	0.000000e+000
2.798000000000000e-002	0.000000e+000
2.800000000000000e-002	0.000000e+000
2.800002027301812e-002	2.027302e-003
2.800006081905435e-002	6.081905e-003
2.801000000000000e-002	1.000000e+000
2.801022000045542e-002	1.000000e+000
2.801066000136627e-002	1.000000e+000
2.850000000000000e-002	1.000000e+000
2.850022000022000e-002	9.780000e-001
2.850066000066000e-002	9.340000e-001
2.851000000000000e-002	8.326673e-015
2.851000706599887e-002	2.775558e-015
2.851002119799660e-002	0.000000e+000
2.900000000000000e-002	0.000000e+000
2.900002027301812e-002	2.027302e-003
2.900006081905435e-002	6.081905e-003
2.901000000000000e-002	1.000000e+000
2.901022000045542e-002	1.000000e+000
2.901066000136627e-002	1.000000e+000
2.950000000000000e-002	1.000000e+000
2.950022000022000e-002	9.780000e-001
2.950066000066001e-002	9.340000e-001
2.951000000000000e-002	8.326673e-015
2.951000706599887e-002	2.775558e-015
2.951002119799660e-002	0.000000e+000
3.000000000000000e-002	4.547474e-013
3.000002027301812e-002	2.027302e-003
3.000006081905435e-002	6.081905e-003
3.001000000000000e-002	1.000000e+000
3.001022000045542e-002	1.000000e+000
3.001066000136627e-002	1.000000e+000
3.050000000000000e-002	1.000000e+000
3.050022000022000e-002	9.780000e-001
3.050066000066000e-002	9.340000e-001
3.051000000000000e-002	8.326673e-015
3.051000706599887e-002	2.775558e-015
3.051002119799660e-002	0.000000e+000
3.100000000000000e-002	0.000000e+000
3.100002027301812e-002	2.027302e-003
3.100006081905435e-002	6.081905e-003
3.101000000000000e-002	1.000000e+000
3.101022000045542e-002	1.000000e+000
3.101066000136627e-002	1.000000e+000
3.150000000000000e-002	1.000000e+000
3.150022000022000e-002	9.780000e-001
3.150066000066000e-002	9.340000e-001
3.151000000000000e-002	0.000000e+000
3.151000706599887e-002	0.000000e+000
3.151002119799660e-002	0.000000e+000
3.200000000000000e-002	0.000000e+000
3.200002027301777e-002	2.027302e-003
3.200006081905332e-002	6.081905e-003
3.201000000000000e-002	1.000000e+000
3.201022000045543e-002	1.000000e+000
3.201066000136627e-002	1.000000e+000
3.250000000000000e-002	1.000000e+000
3.250022000022000e-002	9.780000e-001
3.250066000066000e-002	9.340000e-001
3.251000000000000e-002	0.000000e+000
3.251000706599887e-002	0.000000e+000
3.251002119799660e-002	0.000000e+000
3.251004946199206e-002	0.000000e+000
3.300000000000000e-002	0.000000e+000
3.300002027301768e-002	2.027302e-003
3.300006081905305e-002	6.081905e-003
3.301000000000001e-002	1.000000e+000
3.301022000045543e-002	1.000000e+000
3.301066000136627e-002	1.000000e+000
3.350000000000000e-002	1.000000e+000
3.350022000022000e-002	9.780000e-001
3.350066000066000e-002	9.340000e-001
3.351000000000001e-002	0.000000e+000
3.351000706599887e-002	0.000000e+000
3.351002119799660e-002	0.000000e+000
3.400000000000000e-002	0.000000e+000
3.400002027301768e-002	2.027302e-003
3.400006081905305e-002	6.081905e-003
3.401000000000001e-002	1.000000e+000
3.401022000045543e-002	1.000000e+000
3.401066000136627e-002	1.000000e+000
3.450000000000000e-002	1.000000e+000
3.450022000022000e-002	9.780000e-001
3.450066000066000e-002	9.340000e-001
3.451000000000001e-002	0.000000e+000
3.451000706599887e-002	0.000000e+000
3.451002119799660e-002	0.000000e+000
3.500000000000000e-002	0.000000e+000
3.500002027301769e-002	2.027302e-003
3.500006081905305e-002	6.081905e-003
3.501000000000001e-002	1.000000e+000
3.501022000045543e-002	1.000000e+000
3.501066000136627e-002	1.000000e+000
3.550000000000000e-002	1.000000e+000
3.550022000022000e-002	9.780000e-001
3.550066000066000e-002	9.340000e-001
3.551000000000001e-002	0.000000e+000
3.551000706599887e-002	0.000000e+000
3.551002119799660e-002	0.000000e+000
3.600000000000000e-002	0.000000e+000
3.600002027301769e-002	2.027302e-003
3.600006081905305e-002	6.081905e-003
3.601000000000001e-002	1.000000e+000
3.601022000045543e-002	1.000000e+000
3.601066000136628e-002	1.000000e+000
3.650000000000001e-002	1.000000e+000
3.650022000022000e-002	9.780000e-001
3.650066000066000e-002	9.340000e-001
3.651000000000001e-002	0.000000e+000
3.651000706599887e-002	0.000000e+000
3.651002119799660e-002	0.000000e+000
3.700000000000001e-002	9.094947e-013
3.700002027301769e-002	2.027302e-003
3.700006081905305e-002	6.081905e-003
3.701000000000000e-002	1.000000e+000
3.701022000045542e-002	1.000000e+000
3.701066000136627e-002	1.000000e+000
3.735403766914095e-002	1.000000e+000
3.750000000000000e-002	1.000000e+000
3.750022000022000e-002	9.780000e-001
3.750066000066000e-002	9.340000e-001
3.751000000000000e-002	0.000000e+000
3.751000706599886e-002	0.000000e+000
3.751002119799660e-002	0.000000e+000
3.800000000000000e-002	0.000000e+000
3.800002027301768e-002	2.027302e-003
3.800006081905304e-002	6.081905e-003
3.801000000000000e-002	1.000000e+000
3.801022000045543e-002	1.000000e+000
3.801066000136627e-002	1.000000e+000
3.850000000000000e-002	1.000000e+000
3.850022000022000e-002	9.780000e-001
3.850066000066000e-002	9.340000e-001
3.851000000000000e-002	0.000000e+000
3.851000706599887e-002	0.000000e+000
3.851002119799660e-002	0.000000e+000
3.900000000000000e-002	0.000000e+000
3.900002027301768e-002	2.027302e-003
3.900006081905304e-002	6.081905e-003
3.901000000000000e-002	1.000000e+000
3.901022000045543e-002	1.000000e+000
3.901066000136627e-002	1.000000e+000
3.950000000000000e-002	1.000000e+000
3.950022000022000e-002	9.780000e-001
3.950066000066000e-002	9.340000e-001
3.951000000000000e-002	0.000000e+000
3.951000706599887e-002	0.000000e+000
3.951002119799660e-002	0.000000e+000
4.000000000000000e-002	0.000000e+000
4.000002027301768e-002	2.027302e-003
4.000006081905305e-002	6.081905e-003
4.001000000000000e-002	1.000000e+000
4.001022000045543e-002	1.000000e+000
4.001066000136627e-002	1.000000e+000
4.050000000000000e-002	1.000000e+000
4.050022000022000e-002	9.780000e-001
4.050066000066000e-002	9.340000e-001
4.051000000000000e-002	0.000000e+000
4.051000706599887e-002	0.000000e+000
4.051002119799660e-002	0.000000e+000
4.100000000000000e-002	0.000000e+000
4.100002027301768e-002	2.027302e-003
4.100006081905305e-002	6.081905e-003
4.101000000000001e-002	1.000000e+000
4.101022000045543e-002	1.000000e+000
4.101066000136627e-002	1.000000e+000
4.150000000000000e-002	1.000000e+000
4.150022000022000e-002	9.780000e-001
4.150066000066000e-002	9.340000e-001
4.151000000000001e-002	0.000000e+000
4.151000706599887e-002	0.000000e+000
4.151002119799660e-002	0.000000e+000
4.200000000000000e-002	0.000000e+000
4.200002027301768e-002	2.027302e-003
4.200006081905305e-002	6.081905e-003
4.201000000000001e-002	1.000000e+000
4.201022000045543e-002	1.000000e+000
4.201066000136627e-002	1.000000e+000
4.250000000000000e-002	1.000000e+000
4.250022000022000e-002	9.780000e-001
4.250066000066000e-002	9.340000e-001
4.251000000000001e-002	0.000000e+000
4.251000706599887e-002	0.000000e+000
4.251002119799660e-002	0.000000e+000
4.300000000000000e-002	0.000000e+000
4.300002027301769e-002	2.027302e-003
4.300006081905305e-002	6.081905e-003
4.301000000000001e-002	1.000000e+000
4.301022000045543e-002	1.000000e+000
4.301066000136627e-002	1.000000e+000
4.350000000000000e-002	1.000000e+000
4.350022000022000e-002	9.780000e-001
4.350066000066000e-002	9.340000e-001
4.351000000000001e-002	0.000000e+000
4.351000706599887e-002	0.000000e+000
4.351002119799660e-002	0.000000e+000
4.400000000000000e-002	9.094947e-013
4.400002027301769e-002	2.027302e-003
4.400006081905305e-002	6.081905e-003
4.401000000000000e-002	1.000000e+000
4.401022000045542e-002	1.000000e+000
4.401066000136627e-002	1.000000e+000
4.450000000000000e-002	1.000000e+000
4.450022000022000e-002	9.780000e-001
4.450066000066000e-002	9.340000e-001
4.451000000000000e-002	0.000000e+000
4.451000706599886e-002	0.000000e+000
4.451002119799660e-002	0.000000e+000
4.500000000000000e-002	0.000000e+000
4.500002027301768e-002	2.027302e-003
4.500006081905304e-002	6.081905e-003
4.501000000000000e-002	1.000000e+000
4.501022000045542e-002	1.000000e+000
4.501066000136627e-002	1.000000e+000
4.550000000000000e-002	1.000000e+000
4.550022000022000e-002	9.780000e-001
4.550066000066000e-002	9.340000e-001
4.551000000000000e-002	0.000000e+000
4.551000706599886e-002	0.000000e+000
4.551002119799660e-002	0.000000e+000
4.600000000000000e-002	0.000000e+000
4.600002027301768e-002	2.027302e-003
4.600006081905304e-002	6.081905e-003
4.601000000000000e-002	1.000000e+000
4.601022000045543e-002	1.000000e+000
4.601066000136627e-002	1.000000e+000
4.650000000000000e-002	1.000000e+000
4.650022000022000e-002	9.780000e-001
4.650066000066000e-002	9.340000e-001
4.651000000000000e-002	0.000000e+000
4.651000706599887e-002	0.000000e+000
4.651002119799660e-002	0.000000e+000
4.651089738185590e-002	0.000000e+000
4.700000000000000e-002	0.000000e+000
4.700002027301768e-002	2.027302e-003
4.700006081905304e-002	6.081905e-003
4.701000000000000e-002	1.000000e+000
4.701022000045543e-002	1.000000e+000
4.701066000136627e-002	1.000000e+000
4.750000000000000e-002	1.000000e+000
4.750022000022000e-002	9.780000e-001
4.750066000066000e-002	9.340000e-001
4.751000000000000e-002	0.000000e+000
4.751000706599887e-002	0.000000e+000
4.751002119799660e-002	0.000000e+000
4.800000000000000e-002	0.000000e+000
4.800002027301768e-002	2.027302e-003
4.800006081905305e-002	6.081905e-003
4.801000000000000e-002	1.000000e+000
4.801022000045543e-002	1.000000e+000
4.801066000136627e-002	1.000000e+000
4.850000000000000e-002	1.000000e+000
4.850022000022000e-002	9.780000e-001
4.850066000066000e-002	9.340000e-001
4.851000000000001e-002	0.000000e+000
4.851000706599887e-002	0.000000e+000
4.851002119799660e-002	0.000000e+000
4.900000000000000e-002	0.000000e+000
4.900002027301768e-002	2.027302e-003
4.900006081905305e-002	6.081905e-003
4.901000000000001e-002	1.000000e+000
4.901022000045543e-002	1.000000e+000
4.901066000136627e-002	1.000000e+000
4.950000000000000e-002	1.000000e+000
4.950022000022000e-002	9.780000e-001
4.950066000066000e-002	9.340000e-001
4.951000000000001e-002	0.000000e+000
4.951000706599887e-002	0.000000e+000
4.951002119799660e-002	0.000000e+000
5.000000000000000e-002	0.000000e+000
5.000002027301768e-002	2.027302e-003
5.000006081905305e-002	6.081905e-003
5.001000000000001e-002	1.000000e+000
5.001022000045543e-002	1.000000e+000
5.001066000136627e-002	1.000000e+000
5.050000000000000e-002	1.000000e+000
5.050022000022000e-002	9.780000e-001
5.050066000066000e-002	9.340000e-001
5.051000000000001e-002	0.000000e+000
5.051000706599887e-002	0.000000e+000
5.051002119799660e-002	0.000000e+000
5.100000000000000e-002	0.000000e+000
5.100002027301769e-002	2.027302e-003
5.100006081905305e-002	6.081905e-003
5.101000000000001e-002	1.000000e+000
5.101022000045543e-002	1.000000e+000
5.101066000136627e-002	1.000000e+000
5.143403766914098e-002	1.000000e+000
5.150000000000000e-002	1.000000e+000
5.150022000022000e-002	9.780000e-001
5.150066000066000e-002	9.340000e-001
5.151000000000001e-002	0.000000e+000
5.151000706599887e-002	0.000000e+000
5.151002119799660e-002	0.000000e+000
5.200000000000001e-002	0.000000e+000
5.200002027301769e-002	2.027302e-003
5.200006081905305e-002	6.081905e-003
5.201000000000001e-002	1.000000e+000
5.201022000045543e-002	1.000000e+000
5.201066000136628e-002	1.000000e+000
5.250000000000001e-002	1.000000e+000
5.250022000022001e-002	9.780000e-001
5.250066000066000e-002	9.340000e-001
5.251000000000001e-002	0.000000e+000
5.251000706599887e-002	0.000000e+000
5.251002119799660e-002	0.000000e+000
5.300000000000001e-002	9.094947e-013
5.300002027301769e-002	2.027302e-003
5.300006081905305e-002	6.081905e-003
5.301000000000000e-002	1.000000e+000
5.301022000045542e-002	1.000000e+000
5.301066000136627e-002	1.000000e+000
5.350000000000000e-002	1.000000e+000
5.350022000022000e-002	9.780000e-001
5.350066000066000e-002	9.340000e-001
5.351000000000000e-002	0.000000e+000
5.351000706599886e-002	0.000000e+000
5.351002119799660e-002	0.000000e+000
5.400000000000000e-002	0.000000e+000
5.400002027301768e-002	2.027302e-003
5.400006081905304e-002	6.081905e-003
5.401000000000000e-002	1.000000e+000
5.401022000045543e-002	1.000000e+000
5.401066000136627e-002	1.000000e+000
5.450000000000000e-002	1.000000e+000
5.450022000022000e-002	9.780000e-001
5.450066000066000e-002	9.340000e-001
5.451000000000000e-002	0.000000e+000
5.451000706599887e-002	0.000000e+000
5.451002119799660e-002	0.000000e+000
5.500000000000000e-002	0.000000e+000
5.500002027301768e-002	2.027302e-003
5.500006081905304e-002	6.081905e-003
5.501000000000000e-002	1.000000e+000
5.501022000045543e-002	1.000000e+000
5.501066000136627e-002	1.000000e+000
5.550000000000000e-002	1.000000e+000
5.550022000022000e-002	9.780000e-001
5.550066000066000e-002	9.340000e-001
5.551000000000000e-002	0.000000e+000
5.551000706599887e-002	0.000000e+000
5.551002119799660e-002	0.000000e+000
5.600000000000000e-002	0.000000e+000
5.600002027301768e-002	2.027302e-003
5.600006081905305e-002	6.081905e-003
5.600062846354814e-002	6.284636e-002
5.601000000000000e-002	1.000000e+000
5.601022000045543e-002	1.000000e+000
5.601066000136627e-002	1.000000e+000
5.650000000000000e-002	1.000000e+000
5.650022000022000e-002	9.780000e-001
5.650066000066000e-002	9.340000e-001
5.651000000000001e-002	0.000000e+000
5.651000706599887e-002	0.000000e+000
5.651002119799660e-002	0.000000e+000
5.700000000000000e-002	0.000000e+000
5.700002027301768e-002	2.027302e-003
5.700006081905305e-002	6.081905e-003
5.701000000000001e-002	1.000000e+000
5.701022000045543e-002	1.000000e+000
5.701066000136627e-002	1.000000e+000
5.750000000000000e-002	1.000000e+000
5.750022000022000e-002	9.780000e-001
5.750066000066000e-002	9.340000e-001
5.751000000000001e-002	0.000000e+000
5.751000706599887e-002	0.000000e+000
5.751002119799660e-002	0.000000e+000
5.800000000000000e-002	0.000000e+000
5.800002027301768e-002	2.027302e-003
5.800006081905305e-002	6.081905e-003
5.801000000000001e-002	1.000000e+000
5.801022000045543e-002	1.000000e+000
5.801066000136627e-002	1.000000e+000
5.850000000000000e-002	1.000000e+000
5.850022000022000e-002	9.780000e-001
5.850066000066000e-002	9.340000e-001
5.851000000000001e-002	0.000000e+000
5.851000706599887e-002	0.000000e+000
5.851002119799660e-002	0.000000e+000
5.900000000000000e-002	0.000000e+000
5.900002027301769e-002	2.027302e-003
5.900006081905305e-002	6.081905e-003
5.901000000000001e-002	1.000000e+000
5.901022000045543e-002	1.000000e+000
5.901066000136628e-002	1.000000e+000
5.950000000000000e-002	1.000000e+000
5.950022000022000e-002	9.780000e-001
5.950066000066000e-002	9.340000e-001
5.951000000000001e-002	0.000000e+000
5.951000706599887e-002	0.000000e+000
5.951002119799660e-002	0.000000e+000
6.000000000000001e-002	9.094947e-013
6.000002027301769e-002	2.027302e-003
6.000006081905305e-002	6.081905e-003
6.001000000000000e-002	1.000000e+000
6.001022000045542e-002	1.000000e+000
6.001066000136627e-002	1.000000e+000
6.050000000000000e-002	1.000000e+000
6.050022000022000e-002	9.780000e-001
6.050066000066000e-002	9.340000e-001
6.051000000000000e-002	0.000000e+000
6.051000706599886e-002	0.000000e+000
6.051002119799660e-002	0.000000e+000
6.052446409967734e-002	0.000000e+000
6.100000000000000e-002	0.000000e+000
6.100002027301768e-002	2.027302e-003
6.100006081905304e-002	6.081905e-003
6.101000000000000e-002	1.000000e+000
6.101022000045542e-002	1.000000e+000
6.101066000136627e-002	1.000000e+000
6.150000000000000e-002	1.000000e+000
6.150022000022000e-002	9.780000e-001
6.150066000066000e-002	9.340000e-001
6.151000000000000e-002	0.000000e+000
6.151000706599887e-002	0.000000e+000
6.151002119799660e-002	0.000000e+000
6.200000000000000e-002	0.000000e+000
6.200002027301768e-002	2.027302e-003
6.200006081905304e-002	6.081905e-003
6.201000000000000e-002	1.000000e+000
6.201022000045543e-002	1.000000e+000
6.201066000136627e-002	1.000000e+000
6.250000000000000e-002	1.000000e+000
6.250022000022000e-002	9.780000e-001
6.250066000066000e-002	9.340000e-001
6.251000000000000e-002	3.552714e-013
6.251000706599887e-002	1.184238e-013
6.251002119799659e-002	0.000000e+000
6.300000000000000e-002	0.000000e+000
6.300002027301833e-002	2.027302e-003
6.300006081905500e-002	6.081906e-003
6.301000000000000e-002	1.000000e+000
6.301022000045542e-002	1.000000e+000
6.301066000136626e-002	1.000000e+000
6.350000000000000e-002	1.000000e+000
6.350022000022000e-002	9.780000e-001
6.350066000066000e-002	9.340000e-001
6.351000000000000e-002	3.552714e-013
6.351000706599887e-002	1.184238e-013
6.351002119799659e-002	0.000000e+000
6.400000000000000e-002	0.000000e+000
6.400002027301832e-002	2.027302e-003
6.400006081905496e-002	6.081906e-003
6.401000000000000e-002	1.000000e+000
6.401022000045542e-002	1.000000e+000
6.401066000136627e-002	1.000000e+000
6.450000000000000e-002	1.000000e+000
6.450022000022000e-002	9.780000e-001
6.450066000066000e-002	9.340000e-001
6.451000000000000e-002	3.552714e-013
6.451000706599887e-002	1.184238e-013
6.451002119799659e-002	0.000000e+000
6.500000000000000e-002	0.000000e+000
6.500002027301832e-002	2.027302e-003
6.500006081905496e-002	6.081906e-003
6.501000000000000e-002	1.000000e+000
6.501022000045542e-002	1.000000e+000
6.501066000136627e-002	1.000000e+000
6.547615067653007e-002	1.000000e+000
6.550000000000000e-002	1.000000e+000
6.550022000022000e-002	9.780000e-001
6.550066000066000e-002	9.340000e-001
6.551000000000000e-002	3.552714e-013
6.551000706599887e-002	1.184238e-013
6.551002119799659e-002	0.000000e+000
6.600000000000000e-002	0.000000e+000
6.600002027301832e-002	2.027302e-003
6.600006081905496e-002	6.081906e-003
6.601000000000000e-002	1.000000e+000
6.601022000045542e-002	1.000000e+000
6.601066000136627e-002	1.000000e+000
6.650000000000000e-002	1.000000e+000
6.650022000022000e-002	9.780000e-001
6.650066000066000e-002	9.340000e-001
6.651000000000000e-002	3.552714e-013
6.651000706599887e-002	1.184238e-013
6.651002119799659e-002	0.000000e+000
6.700000000000000e-002	0.000000e+000
6.700002027301832e-002	2.027302e-003
6.700006081905496e-002	6.081906e-003
6.701000000000000e-002	1.000000e+000
6.701022000045542e-002	1.000000e+000
6.701066000136627e-002	1.000000e+000
6.750000000000000e-002	1.000000e+000
6.750022000022000e-002	9.780000e-001
6.750066000066000e-002	9.340000e-001
6.751000000000000e-002	3.552714e-013
6.751000706599887e-002	1.184238e-013
6.751002119799660e-002	0.000000e+000
6.800000000000001e-002	0.000000e+000
6.800002027301833e-002	2.027302e-003
6.800006081905496e-002	6.081906e-003
6.801000000000000e-002	1.000000e+000
6.801022000045542e-002	1.000000e+000
6.801066000136627e-002	1.000000e+000
6.850000000000001e-002	1.000000e+000
6.850022000022001e-002	9.780000e-001
6.850066000066001e-002	9.340000e-001
6.851000000000000e-002	3.552714e-013
6.851000706599887e-002	1.184238e-013
6.851002119799660e-002	0.000000e+000
6.900000000000001e-002	0.000000e+000
6.900002027301833e-002	2.027302e-003
6.900006081905497e-002	6.081906e-003
6.901000000000000e-002	1.000000e+000
6.901022000045542e-002	1.000000e+000
6.901066000136627e-002	1.000000e+000
6.950000000000001e-002	1.000000e+000
6.950022000022001e-002	9.780000e-001
6.950066000066001e-002	9.340000e-001
6.951000000000000e-002	3.552714e-013
6.951000706599887e-002	1.184238e-013
6.951002119799660e-002	0.000000e+000
7.000000000000001e-002	0.000000e+000
7.000002027301833e-002	2.027302e-003
7.000006081905497e-002	6.081906e-003
7.001000000000000e-002	1.000000e+000
7.001022000045543e-002	1.000000e+000
7.001066000136627e-002	1.000000e+000
7.050000000000001e-002	1.000000e+000
7.050022000022001e-002	9.780000e-001
7.050066000066001e-002	9.340000e-001
7.051000000000000e-002	3.552714e-013
7.051000706599887e-002	1.184238e-013
7.051002119799660e-002	0.000000e+000
7.100000000000001e-002	0.000000e+000
7.100002027301833e-002	2.027302e-003
7.100006081905497e-002	6.081906e-003
7.101000000000000e-002	1.000000e+000
7.101022000045543e-002	1.000000e+000
7.101066000136627e-002	1.000000e+000
7.150000000000001e-002	1.000000e+000
7.150022000022001e-002	9.780000e-001
7.150066000066001e-002	9.340000e-001
7.151000000000000e-002	3.552714e-013
7.151000706599887e-002	1.184238e-013
7.151002119799660e-002	0.000000e+000
7.200000000000001e-002	0.000000e+000
7.200002027301833e-002	2.027302e-003
7.200006081905497e-002	6.081906e-003
7.201000000000001e-002	1.000000e+000
7.201022000045543e-002	1.000000e+000
7.201066000136627e-002	1.000000e+000
7.250000000000001e-002	1.000000e+000
7.250022000022001e-002	9.780000e-001
7.250066000066001e-002	9.340000e-001
7.251000000000001e-002	3.552714e-013
7.251000706599887e-002	1.184238e-013
7.251002119799660e-002	0.000000e+000
7.300000000000001e-002	1.818989e-012
7.300002027301833e-002	2.027302e-003
7.300006081905497e-002	6.081906e-003
7.300999999999999e-002	1.000000e+000
7.301022000045541e-002	1.000000e+000
7.301066000136626e-002	1.000000e+000
7.350000000000000e-002	1.000000e+000
7.350022000022000e-002	9.780000e-001
7.350066000066000e-002	9.340000e-001
7.350999999999999e-002	3.552714e-013
7.351000706599886e-002	1.184238e-013
7.351002119799659e-002	0.000000e+000
7.400000000000000e-002	0.000000e+000
7.400002027301832e-002	2.027302e-003
7.400006081905496e-002	6.081906e-003
7.400999999999999e-002	1.000000e+000
7.401022000045542e-002	1.000000e+000
7.401066000136626e-002	1.000000e+000
7.450000000000000e-002	1.000000e+000
7.450022000022000e-002	9.780000e-001
7.450066000066000e-002	9.340000e-001
7.450999999999999e-002	3.552714e-013
7.451000706599886e-002	1.184238e-013
7.451002119799659e-002	0.000000e+000
7.474153158482941e-002	0.000000e+000
7.500000000000000e-002	0.000000e+000
7.500002027301832e-002	2.027302e-003
7.500006081905496e-002	6.081906e-003
7.500999999999999e-002	1.000000e+000
7.501022000045542e-002	1.000000e+000
7.501066000136626e-002	1.000000e+000
7.550000000000000e-002	1.000000e+000
7.550022000022000e-002	9.780000e-001
7.550066000066000e-002	9.340000e-001
7.550999999999999e-002	3.552714e-013
7.551000706599886e-002	1.184238e-013
7.551002119799659e-002	0.000000e+000
7.600000000000000e-002	0.000000e+000
7.600002027301832e-002	2.027302e-003
7.600006081905496e-002	6.081906e-003
7.600999999999999e-002	1.000000e+000
7.601022000045542e-002	1.000000e+000
7.601066000136626e-002	1.000000e+000
7.650000000000000e-002	1.000000e+000
7.650022000022000e-002	9.780000e-001
7.650066000066000e-002	9.340000e-001
7.651000000000000e-002	3.552714e-013
7.651000706599886e-002	1.184238e-013
7.651002119799659e-002	0.000000e+000
7.700000000000000e-002	0.000000e+000
7.700002027301832e-002	2.027302e-003
7.700006081905496e-002	6.081906e-003
7.701000000000000e-002	1.000000e+000
7.701022000045542e-002	1.000000e+000
7.701066000136626e-002	1.000000e+000
7.750000000000000e-002	1.000000e+000
7.750022000022000e-002	9.780000e-001
7.750066000066000e-002	9.340000e-001
7.751000000000000e-002	3.552714e-013
7.751000706599887e-002	1.184238e-013
7.751002119799659e-002	0.000000e+000
7.800000000000000e-002	0.000000e+000
7.800002027301832e-002	2.027302e-003
7.800006081905496e-002	6.081906e-003
7.801000000000000e-002	1.000000e+000
7.801022000045542e-002	1.000000e+000
7.801066000136626e-002	1.000000e+000
7.850000000000000e-002	1.000000e+000
7.850022000022000e-002	9.780000e-001
7.850066000066000e-002	9.340000e-001
7.851000000000000e-002	3.552714e-013
7.851000706599887e-002	1.184238e-013
7.851002119799659e-002	0.000000e+000
7.900000000000000e-002	0.000000e+000
7.900002027301832e-002	2.027302e-003
7.900006081905496e-002	6.081906e-003
7.901000000000000e-002	1.000000e+000
7.901022000045542e-002	1.000000e+000
7.901066000136627e-002	1.000000e+000
7.950000000000000e-002	1.000000e+000
7.950022000022000e-002	9.780000e-001
7.950066000066000e-002	9.340000e-001
7.951000000000000e-002	3.552714e-013
7.951000706599887e-002	1.184238e-013
7.951002119799659e-002	0.000000e+000
8.000000000000000e-002	0.000000e+000
8.000002027301832e-002	2.027302e-003
8.000006081905496e-002	6.081906e-003
8.001000000000000e-002	1.000000e+000
8.001022000045542e-002	1.000000e+000
8.001066000136627e-002	1.000000e+000
8.050000000000000e-002	1.000000e+000
8.050022000022000e-002	9.780000e-001
8.050066000066000e-002	9.340000e-001
8.051000000000000e-002	3.552714e-013
8.051000706599887e-002	1.184238e-013
8.051002119799659e-002	0.000000e+000
8.100000000000000e-002	0.000000e+000
8.100002027301832e-002	2.027302e-003
8.100006081905496e-002	6.081906e-003
8.101000000000000e-002	1.000000e+000
8.101022000045542e-002	1.000000e+000
8.101066000136627e-002	1.000000e+000
8.150000000000000e-002	1.000000e+000
8.150022000022000e-002	9.780000e-001
8.150066000066000e-002	9.340000e-001
8.151000000000000e-002	3.552714e-013
8.151000706599887e-002	1.184238e-013
8.151002119799659e-002	0.000000e+000
8.200000000000000e-002	0.000000e+000
8.200002027301832e-002	2.027302e-003
8.200006081905496e-002	6.081906e-003
8.201000000000000e-002	1.000000e+000
8.201022000045542e-002	1.000000e+000
8.201066000136627e-002	1.000000e+000
8.250000000000000e-002	1.000000e+000
8.250022000022000e-002	9.780000e-001
8.250066000066000e-002	9.340000e-001
8.251000000000000e-002	3.552714e-013
8.251000706599887e-002	1.184238e-013
8.251002119799659e-002	0.000000e+000
8.300000000000000e-002	0.000000e+000
8.300002027301832e-002	2.027302e-003
8.300006081905496e-002	6.081906e-003
8.301000000000000e-002	1.000000e+000
8.301022000045542e-002	1.000000e+000
8.301066000136627e-002	1.000000e+000
8.350000000000001e-002	1.000000e+000
8.350022000022001e-002	9.780000e-001
8.350066000066000e-002	9.340000e-001
8.351000000000000e-002	3.552714e-013
8.351000706599887e-002	1.184238e-013
8.351002119799660e-002	0.000000e+000
8.400000000000001e-002	0.000000e+000
8.400002027301833e-002	2.027302e-003
8.400006081905496e-002	6.081906e-003
8.401000000000000e-002	1.000000e+000
8.401022000045542e-002	1.000000e+000
8.401066000136627e-002	1.000000e+000
8.401330000683138e-002	1.000000e+000
8.450000000000001e-002	1.000000e+000
8.450022000022001e-002	9.780000e-001
8.450066000066001e-002	9.340000e-001
8.451000000000000e-002	3.552714e-013
8.451000706599887e-002	1.184238e-013
8.451002119799660e-002	0.000000e+000
8.500000000000001e-002	0.000000e+000
8.500002027301833e-002	2.027302e-003
8.500006081905497e-002	6.081906e-003
8.501000000000000e-002	1.000000e+000
8.501022000045543e-002	1.000000e+000
8.501066000136627e-002	1.000000e+000
8.550000000000001e-002	1.000000e+000
8.550022000022001e-002	9.780000e-001
8.550066000066001e-002	9.340000e-001
8.551000000000000e-002	3.552714e-013
8.551000706599887e-002	1.184238e-013
8.551002119799660e-002	0.000000e+000
8.600000000000001e-002	0.000000e+000
8.600002027301833e-002	2.027302e-003
8.600006081905497e-002	6.081906e-003
8.601000000000000e-002	1.000000e+000
8.601022000045543e-002	1.000000e+000
8.601066000136627e-002	1.000000e+000
8.650000000000001e-002	1.000000e+000
8.650022000022001e-002	9.780000e-001
8.650066000066001e-002	9.340000e-001
8.651000000000000e-002	3.552714e-013
8.651000706599887e-002	1.184238e-013
8.651002119799660e-002	0.000000e+000
8.700000000000001e-002	0.000000e+000
8.700002027301833e-002	2.027302e-003
8.700006081905497e-002	6.081906e-003
8.701000000000000e-002	1.000000e+000
8.701022000045543e-002	1.000000e+000
8.701066000136627e-002	1.000000e+000
8.750000000000001e-002	1.000000e+000
8.750022000022001e-002	9.780000e-001
8.750066000066001e-002	9.340000e-001
8.751000000000000e-002	3.552714e-013
8.751000706599887e-002	1.184238e-013
8.751002119799660e-002	0.000000e+000
8.800000000000001e-002	1.818989e-012
8.800002027301833e-002	2.027302e-003
8.800006081905497e-002	6.081906e-003
8.800999999999999e-002	1.000000e+000
8.801022000045541e-002	1.000000e+000
8.801066000136626e-002	1.000000e+000
8.850000000000000e-002	1.000000e+000
8.850022000022000e-002	9.780000e-001
8.850066000066000e-002	9.340000e-001
8.850999999999999e-002	3.552714e-013
8.851000706599886e-002	1.184238e-013
8.851002119799659e-002	0.000000e+000
8.890228094263071e-002	0.000000e+000
8.900000000000000e-002	0.000000e+000
8.900002027301832e-002	2.027302e-003
8.900006081905496e-002	6.081906e-003
8.900999999999999e-002	1.000000e+000
8.901022000045541e-002	1.000000e+000
8.901066000136626e-002	1.000000e+000
8.950000000000000e-002	1.000000e+000
8.950022000022000e-002	9.780000e-001
8.950066000066000e-002	9.340000e-001
8.950999999999999e-002	3.552714e-013
8.951000706599886e-002	1.184238e-013
8.951002119799659e-002	0.000000e+000
9.000000000000000e-002	0.000000e+000
9.000002027301832e-002	2.027302e-003
9.000006081905496e-002	6.081906e-003
9.000999999999999e-002	1.000000e+000
9.001022000045542e-002	1.000000e+000
9.001066000136626e-002	1.000000e+000
9.050000000000000e-002	1.000000e+000
9.050022000022000e-002	9.780000e-001
9.050066000066000e-002	9.340000e-001
9.050999999999999e-002	3.552714e-013
9.051000706599886e-002	1.184238e-013
9.051002119799659e-002	0.000000e+000
9.100000000000000e-002	0.000000e+000
9.100002027301832e-002	2.027302e-003
9.100006081905496e-002	6.081906e-003
9.100999999999999e-002	1.000000e+000
9.101022000045542e-002	1.000000e+000
9.101066000136626e-002	1.000000e+000
9.150000000000000e-002	1.000000e+000
9.150022000022000e-002	9.780000e-001
9.150066000066000e-002	9.340000e-001
9.150999999999999e-002	3.552714e-013
9.151000706599886e-002	1.184238e-013
9.151002119799659e-002	0.000000e+000
9.200000000000000e-002	0.000000e+000
9.200002027301832e-002	2.027302e-003
9.200006081905496e-002	6.081906e-003
9.201000000000000e-002	1.000000e+000
9.201022000045542e-002	1.000000e+000
9.201066000136626e-002	1.000000e+000
9.250000000000000e-002	1.000000e+000
9.250022000022000e-002	9.780000e-001
9.250066000066000e-002	9.340000e-001
9.251000000000000e-002	3.552714e-013
9.251000706599886e-002	1.184238e-013
9.251002119799659e-002	0.000000e+000
9.300000000000000e-002	0.000000e+000
9.300002027301832e-002	2.027302e-003
9.300006081905496e-002	6.081906e-003
9.301000000000000e-002	1.000000e+000
9.301022000045542e-002	1.000000e+000
9.301066000136626e-002	1.000000e+000
9.350000000000000e-002	1.000000e+000
9.350022000022000e-002	9.780000e-001
9.350066000066000e-002	9.340000e-001
9.350682000682002e-002	3.179993e-001
9.351000000000000e-002	3.552714e-013
9.351000706599887e-002	1.184238e-013
9.351002119799659e-002	0.000000e+000
9.400000000000000e-002	0.000000e+000
9.400002027301832e-002	2.027302e-003
9.400006081905496e-002	6.081906e-003
9.401000000000000e-002	1.000000e+000
9.401022000045542e-002	1.000000e+000
9.401066000136626e-002	1.000000e+000
9.450000000000000e-002	1.000000e+000
9.450022000022000e-002	9.780000e-001
9.450066000066000e-002	9.340000e-001
9.451000000000000e-002	3.552714e-013
9.451000706599887e-002	1.184238e-013
9.451002119799659e-002	0.000000e+000
9.500000000000000e-002	0.000000e+000
9.500002027301832e-002	2.027302e-003
9.500006081905496e-002	6.081906e-003
9.501000000000000e-002	1.000000e+000
9.501022000045542e-002	1.000000e+000
9.501066000136627e-002	1.000000e+000
9.550000000000000e-002	1.000000e+000
9.550022000022000e-002	9.780000e-001
9.550066000066000e-002	9.340000e-001
9.551000000000000e-002	3.552714e-013
9.551000706599887e-002	1.184238e-013
9.551002119799659e-002	0.000000e+000
9.600000000000000e-002	0.000000e+000
9.600002027301832e-002	2.027302e-003
9.600006081905496e-002	6.081906e-003
9.601000000000000e-002	1.000000e+000
9.601022000045542e-002	1.000000e+000
9.601066000136627e-002	1.000000e+000
9.650000000000000e-002	1.000000e+000
9.650022000022000e-002	9.780000e-001
9.650066000066000e-002	9.340000e-001
9.651000000000000e-002	3.552714e-013
9.651000706599887e-002	1.184238e-013
9.651002119799659e-002	0.000000e+000
9.700000000000000e-002	0.000000e+000
9.700002027301832e-002	2.027302e-003
9.700006081905496e-002	6.081906e-003
9.701000000000000e-002	1.000000e+000
9.701022000045542e-002	1.000000e+000
9.701066000136627e-002	1.000000e+000
9.750000000000000e-002	1.000000e+000
9.750022000022000e-002	9.780000e-001
9.750066000066000e-002	9.340000e-001
9.751000000000000e-002	3.552714e-013
9.751000706599887e-002	1.184238e-013
9.751002119799659e-002	0.000000e+000
9.800000000000000e-002	0.000000e+000
9.800002027301832e-002	2.027302e-003
9.800006081905496e-002	6.081906e-003
9.801000000000000e-002	1.000000e+000
9.801022000045542e-002	1.000000e+000
9.801066000136627e-002	1.000000e+000
9.806610011613348e-002	1.000000e+000
9.850000000000000e-002	1.000000e+000
9.850022000022000e-002	9.780000e-001
9.850066000066000e-002	9.340000e-001
9.851000000000000e-002	3.552714e-013
9.851000706599887e-002	1.184238e-013
9.851002119799660e-002	0.000000e+000
9.900000000000001e-002	0.000000e+000
9.900002027301832e-002	2.027302e-003
9.900006081905496e-002	6.081906e-003
9.901000000000000e-002	1.000000e+000
9.901022000045542e-002	1.000000e+000
9.901066000136627e-002	1.000000e+000
9.950000000000001e-002	1.000000e+000
9.950022000022001e-002	9.780000e-001
9.950066000066000e-002	9.340000e-001
9.951000000000000e-002	3.552714e-013
9.951000706599887e-002	1.184238e-013
9.951002119799660e-002	0.000000e+000
9.999087622947731e-002	0.000000e+000
1.000000000000000e-001	0.000000e+000
