time	V(a)
0.000000000000000e+000	0.000000e+000
9.999999717180685e-010	1.000000e-005
1.999999943436137e-009	2.000000e-005
1.000000000000000e-004	1.000000e+000
1.022000006383465e-004	1.000000e+000
1.066000019150394e-004	1.000000e+000
5.000000000000000e-004	1.000000e+000
5.022000004910691e-004	9.780000e-001
5.066000014732070e-004	9.340000e-001
6.000000000000001e-004	0.000000e+000
6.000769560191601e-004	0.000000e+000
6.002308680574800e-004	0.000000e+000
1.000000000000000e-003	0.000000e+000
1.000242000002200e-003	2.420000e-003
1.000726000006600e-003	7.260000e-003
1.100000000000000e-003	1.000000e+000
1.102200000574560e-003	1.000000e+000
1.106600001723679e-003	1.000000e+000
1.500000000000000e-003	1.000000e+000
1.502200000491069e-003	9.780000e-001
1.506600001473208e-003	9.340000e-001
1.600000000000000e-003	0.000000e+000
1.600076956019160e-003	0.000000e+000
1.600230868057480e-003	0.000000e+000
2.000000000000000e-003	0.000000e+000
2.000242000002200e-003	2.420000e-003
2.000726000006600e-003	7.260000e-003
2.100000000000000e-003	1.000000e+000
2.102200000574560e-003	1.000000e+000
2.106600001723680e-003	1.000000e+000
2.500000000000000e-003	1.000000e+000
2.502200000491069e-003	9.780000e-001
2.506600001473208e-003	9.340000e-001
2.600000000000000e-003	1.665335e-015
2.600076956019160e-003	5.551115e-016
2.600230868057480e-003	0.000000e+000
3.000000000000000e-003	0.000000e+000
3.000242000002200e-003	2.420000e-003
3.000726000006600e-003	7.260000e-003
3.100000000000000e-003	1.000000e+000
3.102200000574560e-003	1.000000e+000
3.106600001723680e-003	1.000000e+000
3.500000000000000e-003	1.000000e+000
3.502200000491069e-003	9.780000e-001
3.506600001473208e-003	9.340000e-001
3.600000000000000e-003	1.665335e-015
3.600076956019160e-003	5.551115e-016
3.600230868057480e-003	0.000000e+000
4.000000000000000e-003	0.000000e+000
4.000242000002200e-003	2.420000e-003
4.000726000006599e-003	7.260000e-003
4.100000000000000e-003	1.000000e+000
4.102200000574560e-003	1.000000e+000
4.106600001723680e-003	1.000000e+000
4.500000000000001e-003	1.000000e+000
4.502200000491070e-003	9.780000e-001
4.506600001473209e-003	9.340000e-001
4.600000000000000e-003	1.665335e-015
4.600076956019160e-003	5.551115e-016
4.600230868057480e-003	0.000000e+000
5.000000000000000e-003	0.000000e+000
5.000242000002200e-003	2.420000e-003
5.000726000006599e-003	7.260000e-003
5.100000000000000e-003	1.000000e+000
5.102200000574560e-003	1.000000e+000
5.106600001723680e-003	1.000000e+000
5.500000000000000e-003	1.000000e+000
5.502200000491070e-003	9.780000e-001
5.506600001473209e-003	9.340000e-001
5.600000000000000e-003	1.665335e-015
5.600076956019160e-003	5.551115e-016
5.600230868057480e-003	0.000000e+000
6.000000000000000e-003	0.000000e+000
6.000242000002200e-003	2.420000e-003
6.000726000006599e-003	7.260000e-003
6.100000000000000e-003	1.000000e+000
6.102200000574560e-003	1.000000e+000
6.106600001723680e-003	1.000000e+000
6.500000000000001e-003	1.000000e+000
6.502200000491070e-003	9.780000e-001
6.506600001473209e-003	9.340000e-001
6.600000000000000e-003	1.665335e-015
6.600076956019160e-003	5.551115e-016
6.600230868057480e-003	0.000000e+000
7.000000000000000e-003	0.000000e+000
7.000242000002200e-003	2.420000e-003
7.000726000006599e-003	7.260000e-003
7.100000000000000e-003	1.000000e+000
7.102200000574560e-003	1.000000e+000
7.106600001723680e-003	1.000000e+000
7.500000000000000e-003	1.000000e+000
7.502200000491070e-003	9.780000e-001
7.506600001473209e-003	9.340000e-001
7.600000000000000e-003	1.665335e-015
7.600076956019160e-003	5.551115e-016
7.600230868057480e-003	0.000000e+000
8.000000000000000e-003	0.000000e+000
8.000242000002201e-003	2.420000e-003
8.000726000006600e-003	7.260000e-003
8.100000000000000e-003	1.000000e+000
8.102200000574560e-003	1.000000e+000
8.106600001723681e-003	1.000000e+000
8.500000000000001e-003	1.000000e+000
8.502200000491070e-003	9.780000e-001
8.506600001473208e-003	9.340000e-001
8.600000000000000e-003	1.665335e-015
8.600076956019160e-003	5.551115e-016
8.600230868057479e-003	0.000000e+000
9.000000000000001e-003	0.000000e+000
9.000242000002202e-003	2.420000e-003
9.000726000006601e-003	7.260000e-003
9.100000000000000e-003	1.000000e+000
9.102200000574561e-003	1.000000e+000
9.106600001723681e-003	1.000000e+000
9.500000000000002e-003	1.000000e+000
9.502200000491071e-003	9.780000e-001
9.506600001473209e-003	9.340000e-001
9.600000000000001e-003	1.665335e-015
9.600076956019161e-003	5.551115e-016
9.600230868057480e-003	0.000000e+000
1.000000000000000e-002	1.421085e-014
1.000024200000220e-002	2.420000e-003
1.000072600000660e-002	7.260000e-003
1.010000000000000e-002	1.000000e+000
1.010220000057456e-002	1.000000e+000
1.010660000172368e-002	1.000000e+000
1.050000000000000e-002	1.000000e+000
1.050220000049107e-002	9.780000e-001
1.050660000147321e-002	9.340000e-001
1.060000000000000e-002	1.665335e-015
1.060007695601916e-002	5.551115e-016
1.060023086805748e-002	0.000000e+000
1.100000000000000e-002	0.000000e+000
1.100024200000220e-002	2.420000e-003
1.100072600000660e-002	7.260000e-003
1.110000000000000e-002	1.000000e+000
1.110220000057456e-002	1.000000e+000
1.110660000172368e-002	1.000000e+000
1.150000000000000e-002	1.000000e+000
1.150220000049107e-002	9.780000e-001
1.150660000147321e-002	9.340000e-001
1.160000000000000e-002	1.665335e-015
1.160007695601916e-002	5.551115e-016
1.160023086805748e-002	0.000000e+000
1.200000000000000e-002	0.000000e+000
1.200024200000220e-002	2.420000e-003
1.200072600000660e-002	7.260000e-003
1.210000000000000e-002	1.000000e+000
1.210220000057456e-002	1.000000e+000
1.210660000172368e-002	1.000000e+000
1.250000000000000e-002	1.000000e+000
1.250220000049107e-002	9.780000e-001
1.250660000147321e-002	9.340000e-001
1.260000000000000e-002	1.665335e-015
1.260007695601916e-002	5.551115e-016
1.260023086805748e-002	0.000000e+000
1.300000000000000e-002	0.000000e+000
1.300024200000220e-002	2.420000e-003
1.300072600000660e-002	7.260000e-003
1.310000000000000e-002	1.000000e+000
1.310220000057456e-002	1.000000e+000
1.310660000172368e-002	1.000000e+000
1.350000000000000e-002	1.000000e+000
1.350220000049107e-002	9.780000e-001
1.350660000147321e-002	9.340000e-001
1.360000000000000e-002	1.665335e-015
1.360007695601916e-002	5.551115e-016
1.360023086805748e-002	0.000000e+000
1.400000000000000e-002	2.842171e-014
1.400024200000220e-002	2.420000e-003
1.400072600000660e-002	7.260000e-003
1.410000000000000e-002	1.000000e+000
1.410220000057456e-002	1.000000e+000
1.410660000172368e-002	1.000000e+000
1.450000000000000e-002	1.000000e+000
1.450220000049107e-002	9.780000e-001
1.450660000147321e-002	9.340000e-001
1.460000000000000e-002	1.665335e-015
1.460007695601916e-002	5.551115e-016
1.460023086805748e-002	0.000000e+000
1.460115434028740e-002	0.000000e+000
1.500000000000000e-002	0.000000e+000
1.500024200000220e-002	2.420000e-003
1.500072600000660e-002	7.260000e-003
1.510000000000000e-002	1.000000e+000
1.510220000057456e-002	1.000000e+000
1.510660000172368e-002	1.000000e+000
1.550000000000000e-002	1.000000e+000
1.550220000049107e-002	9.780000e-001
1.550660000147321e-002	9.340000e-001
1.560000000000000e-002	1.665335e-015
1.560007695601916e-002	5.551115e-016
1.560023086805748e-002	0.000000e+000
1.600000000000000e-002	0.000000e+000
1.600024200000220e-002	2.420000e-003
1.600072600000660e-002	7.260000e-003
1.610000000000000e-002	1.000000e+000
1.610220000057456e-002	1.000000e+000
1.610660000172368e-002	1.000000e+000
1.650000000000000e-002	1.000000e+000
1.650220000049107e-002	9.780000e-001
1.650660000147321e-002	9.340000e-001
1.660000000000000e-002	1.665335e-015
1.660007695601916e-002	5.551115e-016
1.660023086805748e-002	0.000000e+000
1.700000000000000e-002	0.000000e+000
1.700024200000220e-002	2.420000e-003
1.700072600000660e-002	7.260000e-003
1.710000000000000e-002	1.000000e+000
1.710220000057456e-002	1.000000e+000
1.710660000172368e-002	1.000000e+000
1.750000000000000e-002	1.000000e+000
1.750220000049107e-002	9.780000e-001
1.750660000147321e-002	9.340000e-001
1.760000000000000e-002	1.665335e-015
1.760007695601916e-002	5.551115e-016
1.760023086805748e-002	0.000000e+000
1.800000000000000e-002	0.000000e+000
1.800024200000220e-002	2.420000e-003
1.800072600000660e-002	7.260000e-003
1.810000000000000e-002	1.000000e+000
1.810220000057456e-002	1.000000e+000
1.810660000172368e-002	1.000000e+000
1.850000000000000e-002	1.000000e+000
1.850220000049107e-002	9.780000e-001
1.850660000147321e-002	9.340000e-001
1.860000000000000e-002	1.665335e-015
1.860007695601916e-002	5.551115e-016
1.860023086805748e-002	0.000000e+000
1.900000000000000e-002	2.842171e-014
1.900024200000220e-002	2.420000e-003
1.900072600000661e-002	7.260000e-003
1.910000000000000e-002	1.000000e+000
1.910220000057456e-002	1.000000e+000
1.910660000172368e-002	1.000000e+000
1.950000000000000e-002	1.000000e+000
1.950220000049107e-002	9.780000e-001
1.950660000147321e-002	9.340000e-001
1.960000000000000e-002	1.665335e-015
1.960007695601916e-002	5.551115e-016
1.960023086805748e-002	0.000000e+000
2.000000000000000e-002	0.000000e+000
2.000024200000220e-002	2.420000e-003
2.000072600000660e-002	7.260000e-003
2.010000000000000e-002	1.000000e+000
2.010220000057456e-002	1.000000e+000
2.010660000172368e-002	1.000000e+000
2.050000000000000e-002	1.000000e+000
2.050220000049107e-002	9.780000e-001
2.050660000147321e-002	9.340000e-001
2.060000000000000e-002	1.665335e-015
2.060007695601916e-002	5.551115e-016
2.060023086805748e-002	0.000000e+000
2.100000000000000e-002	0.000000e+000
2.100024200000220e-002	2.420000e-003
2.100072600000660e-002	7.260000e-003
2.110000000000000e-002	1.000000e+000
2.110220000057456e-002	1.000000e+000
2.110660000172368e-002	1.000000e+000
2.150000000000000e-002	1.000000e+000
2.150220000049107e-002	9.780000e-001
2.150660000147321e-002	9.340000e-001
2.160000000000000e-002	1.665335e-015
2.160007695601916e-002	5.551115e-016
2.160023086805748e-002	0.000000e+000
2.200000000000000e-002	2.842171e-014
2.200024200000220e-002	2.420000e-003
2.200072600000660e-002	7.260000e-003
2.210000000000000e-002	1.000000e+000
2.210220000057456e-002	1.000000e+000
2.210660000172368e-002	1.000000e+000
2.250000000000000e-002	1.000000e+000
2.250220000049107e-002	9.780000e-001
2.250660000147321e-002	9.340000e-001
2.260000000000000e-002	1.665335e-015
2.260007695601916e-002	5.551115e-016
2.260023086805748e-002	0.000000e+000
2.300000000000000e-002	0.000000e+000
2.300024200000220e-002	2.420000e-003
2.300072600000660e-002	7.260000e-003
2.310000000000000e-002	1.000000e+000
2.310220000057456e-002	1.000000e+000
2.310660000172368e-002	1.000000e+000
2.350000000000000e-002	1.000000e+000
2.350220000049107e-002	9.780000e-001
2.350660000147321e-002	9.340000e-001
2.360000000000000e-002	1.665335e-015
2.360007695601916e-002	5.551115e-016
2.360023086805748e-002	0.000000e+000
2.400000000000000e-002	0.000000e+000
2.400024200000220e-002	2.420000e-003
2.400072600000660e-002	7.260000e-003
2.410000000000000e-002	1.000000e+000
2.410220000057456e-002	1.000000e+000
2.410660000172368e-002	1.000000e+000
2.450000000000000e-002	1.000000e+000
2.450220000049107e-002	9.780000e-001
2.450660000147321e-002	9.340000e-001
2.460000000000000e-002	1.665335e-015
2.460007695601916e-002	5.551115e-016
2.460023086805748e-002	0.000000e+000
2.500000000000000e-002	0.000000e+000
2.500024200000220e-002	2.420000e-003
2.500072600000660e-002	7.260000e-003
2.510000000000000e-002	1.000000e+000
2.510220000057456e-002	1.000000e+000
2.510660000172368e-002	1.000000e+000
2.550000000000000e-002	1.000000e+000
2.550220000049107e-002	9.780000e-001
2.550660000147321e-002	9.340000e-001
2.560000000000000e-002	1.665335e-015
2.560007695601916e-002	5.551115e-016
2.560023086805748e-002	0.000000e+000
2.600000000000000e-002	0.000000e+000
2.600024200000220e-002	2.420000e-003
2.600072600000660e-002	7.260000e-003
2.610000000000000e-002	1.000000e+000
2.610220000057456e-002	1.000000e+000
2.610660000172368e-002	1.000000e+000
2.650000000000000e-002	1.000000e+000
2.650220000049107e-002	9.780000e-001
2.650660000147321e-002	9.340000e-001
2.660000000000000e-002	1.665335e-015
2.660007695601916e-002	5.551115e-016
2.660023086805748e-002	0.000000e+000
2.700000000000000e-002	5.684342e-014
2.700024200000220e-002	2.420000e-003
2.700072600000661e-002	7.260000e-003
2.710000000000000e-002	1.000000e+000
2.710220000057456e-002	1.000000e+000
2.710660000172368e-002	1.000000e+000
2.750000000000000e-002	1.000000e+000
2.750220000049107e-002	9.780000e-001
2.750660000147321e-002	9.340000e-001
2.760000000000000e-002	1.665335e-015
2.760007695601916e-002	5.551115e-016
2.760023086805748e-002	0.000000e+000
2.800000000000000e-002	0.000000e+000
2.800024200000220e-002	2.420000e-003
2.800072600000660e-002	7.260000e-003
2.810000000000000e-002	1.000000e+000
2.810220000057456e-002	1.000000e+000
2.810660000172368e-002	1.000000e+000
2.850000000000000e-002	1.000000e+000
2.850220000049107e-002	9.780000e-001
2.850660000147321e-002	9.340000e-001
2.860000000000000e-002	1.665335e-015
2.860007695601916e-002	5.551115e-016
2.860023086805748e-002	0.000000e+000
2.900000000000000e-002	0.000000e+000
2.900024200000220e-002	2.420000e-003
2.900072600000660e-002	7.260000e-003
2.910000000000000e-002	1.000000e+000
2.910220000057456e-002	1.000000e+000
2.910660000172368e-002	1.000000e+000
2.950000000000000e-002	1.000000e+000
2.950220000049107e-002	9.780000e-001
2.950660000147321e-002	9.340000e-001
2.960000000000000e-002	1.665335e-015
2.960007695601916e-002	5.551115e-016
2.960023086805748e-002	0.000000e+000
2.960115434028740e-002	0.000000e+000
3.000000000000000e-002	5.684342e-014
3.000024200000220e-002	2.420000e-003
3.000072600000660e-002	7.260000e-003
3.010000000000000e-002	1.000000e+000
3.010220000057456e-002	1.000000e+000
3.010660000172368e-002	1.000000e+000
3.050000000000000e-002	1.000000e+000
3.050220000049107e-002	9.780000e-001
3.050660000147321e-002	9.340000e-001
3.060000000000000e-002	1.665335e-015
3.060007695601916e-002	5.551115e-016
3.060023086805748e-002	0.000000e+000
3.100000000000000e-002	0.000000e+000
3.100024200000220e-002	2.420000e-003
3.100072600000660e-002	7.260000e-003
3.110000000000000e-002	1.000000e+000
3.110220000057456e-002	1.000000e+000
3.110660000172368e-002	1.000000e+000
3.150000000000000e-002	1.000000e+000
3.150220000049107e-002	9.780000e-001
3.150660000147321e-002	9.340000e-001
3.160000000000000e-002	0.000000e+000
3.160007695601916e-002	0.000000e+000
3.160023086805749e-002	0.000000e+000
3.200000000000000e-002	0.000000e+000
3.200024200000220e-002	2.420000e-003
3.200072600000660e-002	7.260000e-003
3.210000000000000e-002	1.000000e+000
3.210220000057457e-002	1.000000e+000
3.210660000172368e-002	1.000000e+000
3.250000000000000e-002	1.000000e+000
3.250220000049107e-002	9.780000e-001
3.250660000147321e-002	9.340000e-001
3.260000000000000e-002	0.000000e+000
3.260007695601917e-002	0.000000e+000
3.260023086805749e-002	0.000000e+000
3.300000000000000e-002	0.000000e+000
3.300024200000220e-002	2.420000e-003
3.300072600000660e-002	7.260000e-003
3.310000000000000e-002	1.000000e+000
3.310220000057457e-002	1.000000e+000
3.310660000172368e-002	1.000000e+000
3.350000000000000e-002	1.000000e+000
3.350220000049108e-002	9.780000e-001
3.350660000147322e-002	9.340000e-001
3.360000000000001e-002	0.000000e+000
3.360007695601917e-002	0.000000e+000
3.360023086805749e-002	0.000000e+000
3.400000000000000e-002	0.000000e+000
3.400024200000220e-002	2.420000e-003
3.400072600000660e-002	7.260000e-003
3.410000000000001e-002	1.000000e+000
3.410220000057457e-002	1.000000e+000
3.410660000172369e-002	1.000000e+000
3.450000000000000e-002	1.000000e+000
3.450220000049108e-002	9.780000e-001
3.450660000147322e-002	9.340000e-001
3.460000000000001e-002	0.000000e+000
3.460007695601917e-002	0.000000e+000
3.460023086805749e-002	0.000000e+000
3.500000000000000e-002	0.000000e+000
3.500024200000220e-002	2.420000e-003
3.500072600000660e-002	7.260000e-003
3.510000000000001e-002	1.000000e+000
3.510220000057457e-002	1.000000e+000
3.510660000172369e-002	1.000000e+000
3.550000000000000e-002	1.000000e+000
3.550220000049108e-002	9.780000e-001
3.550660000147322e-002	9.340000e-001
3.560000000000001e-002	0.000000e+000
3.560007695601917e-002	0.000000e+000
3.560023086805749e-002	0.000000e+000
3.600000000000000e-002	0.000000e+000
3.600024200000220e-002	2.420000e-003
3.600072600000660e-002	7.260000e-003
3.610000000000001e-002	1.000000e+000
3.610220000057457e-002	1.000000e+000
3.610660000172369e-002	1.000000e+000
3.650000000000001e-002	1.000000e+000
3.650220000049108e-002	9.780000e-001
3.650660000147322e-002	9.340000e-001
3.660000000000001e-002	0.000000e+000
3.660007695601917e-002	0.000000e+000
3.660023086805749e-002	0.000000e+000
3.700000000000001e-002	5.684342e-014
3.700024200000220e-002	2.420000e-003
3.700072600000660e-002	7.260000e-003
3.710000000000000e-002	1.000000e+000
3.710220000057456e-002	1.000000e+000
3.710660000172368e-002	1.000000e+000
3.750000000000000e-002	1.000000e+000
3.750220000049107e-002	9.780000e-001
3.750660000147321e-002	9.340000e-001
3.760000000000000e-002	0.000000e+000
3.760007695601916e-002	0.000000e+000
3.760023086805749e-002	0.000000e+000
3.800000000000000e-002	0.000000e+000
3.800024200000220e-002	2.420000e-003
3.800072600000660e-002	7.260000e-003
3.810000000000000e-002	1.000000e+000
3.810220000057456e-002	1.000000e+000
3.810660000172368e-002	1.000000e+000
3.850000000000000e-002	1.000000e+000
3.850220000049107e-002	9.780000e-001
3.850660000147321e-002	9.340000e-001
3.860000000000000e-002	0.000000e+000
3.860007695601916e-002	0.000000e+000
3.860023086805749e-002	0.000000e+000
3.900000000000000e-002	0.000000e+000
3.900024200000220e-002	2.420000e-003
3.900072600000660e-002	7.260000e-003
3.910000000000000e-002	1.000000e+000
3.910220000057457e-002	1.000000e+000
3.910660000172368e-002	1.000000e+000
3.950000000000000e-002	1.000000e+000
3.950220000049107e-002	9.780000e-001
3.950660000147321e-002	9.340000e-001
3.960000000000000e-002	0.000000e+000
3.960007695601917e-002	0.000000e+000
3.960023086805749e-002	0.000000e+000
4.000000000000000e-002	0.000000e+000
4.000024200000220e-002	2.420000e-003
4.000072600000660e-002	7.260000e-003
4.010000000000000e-002	1.000000e+000
4.010220000057457e-002	1.000000e+000
4.010660000172368e-002	1.000000e+000
4.050000000000000e-002	1.000000e+000
4.050220000049108e-002	9.780000e-001
4.050660000147321e-002	9.340000e-001
4.060000000000000e-002	0.000000e+000
4.060007695601917e-002	0.000000e+000
4.060023086805749e-002	0.000000e+000
4.100000000000000e-002	0.000000e+000
4.100024200000220e-002	2.420000e-003
4.100072600000660e-002	7.260000e-003
4.110000000000001e-002	1.000000e+000
4.110220000057457e-002	1.000000e+000
4.110660000172368e-002	1.000000e+000
4.150000000000000e-002	1.000000e+000
4.150220000049108e-002	9.780000e-001
4.150660000147322e-002	9.340000e-001
4.160000000000001e-002	0.000000e+000
4.160007695601917e-002	0.000000e+000
4.160023086805749e-002	0.000000e+000
4.200000000000000e-002	0.000000e+000
4.200024200000220e-002	2.420000e-003
4.200072600000660e-002	7.260000e-003
4.210000000000001e-002	1.000000e+000
4.210220000057457e-002	1.000000e+000
4.210660000172369e-002	1.000000e+000
4.250000000000000e-002	1.000000e+000
4.250220000049108e-002	9.780000e-001
4.250660000147322e-002	9.340000e-001
4.260000000000001e-002	0.000000e+000
4.260007695601917e-002	0.000000e+000
4.260023086805749e-002	0.000000e+000
4.300000000000000e-002	0.000000e+000
4.300024200000220e-002	2.420000e-003
4.300072600000660e-002	7.260000e-003
4.310000000000001e-002	1.000000e+000
4.310220000057457e-002	1.000000e+000
4.310660000172369e-002	1.000000e+000
4.350000000000000e-002	1.000000e+000
4.350220000049108e-002	9.780000e-001
4.350660000147322e-002	9.340000e-001
4.360000000000001e-002	0.000000e+000
4.360007695601917e-002	0.000000e+000
4.360023086805749e-002	0.000000e+000
4.400000000000000e-002	5.684342e-014
4.400024200000220e-002	2.420000e-003
4.400072600000660e-002	7.260000e-003
4.410000000000000e-002	1.000000e+000
4.410220000057456e-002	1.000000e+000
4.410660000172368e-002	1.000000e+000
4.450000000000000e-002	1.000000e+000
4.450220000049107e-002	9.780000e-001
4.450660000147321e-002	9.340000e-001
4.460000000000000e-002	0.000000e+000
4.460007695601916e-002	0.000000e+000
4.460023086805749e-002	0.000000e+000
4.460115434028740e-002	0.000000e+000
4.500000000000000e-002	0.000000e+000
4.500024200000220e-002	2.420000e-003
4.500072600000660e-002	7.260000e-003
4.510000000000000e-002	1.000000e+000
4.510220000057456e-002	1.000000e+000
4.510660000172368e-002	1.000000e+000
4.550000000000000e-002	1.000000e+000
4.550220000049107e-002	9.780000e-001
4.550660000147321e-002	9.340000e-001
4.560000000000000e-002	0.000000e+000
4.560007695601916e-002	0.000000e+000
4.560023086805749e-002	0.000000e+000
4.600000000000000e-002	0.000000e+000
4.600024200000220e-002	2.420000e-003
4.600072600000660e-002	7.260000e-003
4.610000000000000e-002	1.000000e+000
4.610220000057456e-002	1.000000e+000
4.610660000172368e-002	1.000000e+000
4.650000000000000e-002	1.000000e+000
4.650220000049107e-002	9.780000e-001
4.650660000147321e-002	9.340000e-001
4.660000000000000e-002	0.000000e+000
4.660007695601916e-002	0.000000e+000
4.660023086805749e-002	0.000000e+000
4.700000000000000e-002	0.000000e+000
4.700024200000220e-002	2.420000e-003
4.700072600000660e-002	7.260000e-003
4.710000000000000e-002	1.000000e+000
4.710220000057457e-002	1.000000e+000
4.710660000172368e-002	1.000000e+000
4.750000000000000e-002	1.000000e+000
4.750220000049107e-002	9.780000e-001
4.750660000147321e-002	9.340000e-001
4.760000000000000e-002	0.000000e+000
4.760007695601917e-002	0.000000e+000
4.760023086805749e-002	0.000000e+000
4.800000000000000e-002	0.000000e+000
4.800024200000220e-002	2.420000e-003
4.800072600000660e-002	7.260000e-003
4.810000000000000e-002	1.000000e+000
4.810220000057457e-002	1.000000e+000
4.810660000172368e-002	1.000000e+000
4.850000000000000e-002	1.000000e+000
4.850220000049108e-002	9.780000e-001
4.850660000147321e-002	9.340000e-001
4.860000000000000e-002	0.000000e+000
4.860007695601917e-002	0.000000e+000
4.860023086805749e-002	0.000000e+000
4.900000000000000e-002	0.000000e+000
4.900024200000220e-002	2.420000e-003
4.900072600000660e-002	7.260000e-003
4.910000000000001e-002	1.000000e+000
4.910220000057457e-002	1.000000e+000
4.910660000172368e-002	1.000000e+000
4.950000000000000e-002	1.000000e+000
4.950220000049108e-002	9.780000e-001
4.950660000147322e-002	9.340000e-001
4.960000000000001e-002	0.000000e+000
4.960007695601917e-002	0.000000e+000
4.960023086805749e-002	0.000000e+000
5.000000000000000e-002	0.000000e+000
5.000024200000220e-002	2.420000e-003
5.000072600000660e-002	7.260000e-003
5.010000000000001e-002	1.000000e+000
5.010220000057457e-002	1.000000e+000
5.010660000172369e-002	1.000000e+000
5.050000000000000e-002	1.000000e+000
5.050220000049108e-002	9.780000e-001
5.050660000147322e-002	9.340000e-001
5.060000000000001e-002	0.000000e+000
5.060007695601917e-002	0.000000e+000
5.060023086805749e-002	0.000000e+000
5.100000000000000e-002	0.000000e+000
5.100024200000220e-002	2.420000e-003
5.100072600000660e-002	7.260000e-003
5.110000000000001e-002	1.000000e+000
5.110220000057457e-002	1.000000e+000
5.110660000172369e-002	1.000000e+000
5.150000000000000e-002	1.000000e+000
5.150220000049108e-002	9.780000e-001
5.150660000147322e-002	9.340000e-001
5.160000000000001e-002	0.000000e+000
5.160007695601917e-002	0.000000e+000
5.160023086805749e-002	0.000000e+000
5.200000000000001e-002	0.000000e+000
5.200024200000220e-002	2.420000e-003
5.200072600000660e-002	7.260000e-003
5.210000000000001e-002	1.000000e+000
5.210220000057457e-002	1.000000e+000
5.210660000172369e-002	1.000000e+000
5.250000000000001e-002	1.000000e+000
5.250220000049108e-002	9.780000e-001
5.250660000147322e-002	9.340000e-001
5.260000000000001e-002	0.000000e+000
5.260007695601917e-002	0.000000e+000
5.260023086805749e-002	0.000000e+000
5.300000000000001e-002	1.136868e-013
5.300024200000220e-002	2.420000e-003
5.300072600000660e-002	7.260000e-003
5.310000000000000e-002	1.000000e+000
5.310220000057456e-002	1.000000e+000
5.310660000172368e-002	1.000000e+000
5.350000000000000e-002	1.000000e+000
5.350220000049107e-002	9.780000e-001
5.350660000147321e-002	9.340000e-001
5.360000000000000e-002	0.000000e+000
5.360007695601916e-002	0.000000e+000
5.360023086805749e-002	0.000000e+000
5.400000000000000e-002	0.000000e+000
5.400024200000220e-002	2.420000e-003
5.400072600000660e-002	7.260000e-003
5.410000000000000e-002	1.000000e+000
5.410220000057456e-002	1.000000e+000
5.410660000172368e-002	1.000000e+000
5.450000000000000e-002	1.000000e+000
5.450220000049107e-002	9.780000e-001
5.450660000147321e-002	9.340000e-001
5.460000000000000e-002	0.000000e+000
5.460007695601916e-002	0.000000e+000
5.460023086805749e-002	0.000000e+000
5.500000000000000e-002	0.000000e+000
5.500024200000220e-002	2.420000e-003
5.500072600000660e-002	7.260000e-003
5.510000000000000e-002	1.000000e+000
5.510220000057457e-002	1.000000e+000
5.510660000172368e-002	1.000000e+000
5.550000000000000e-002	1.000000e+000
5.550220000049107e-002	9.780000e-001
5.550660000147321e-002	9.340000e-001
5.560000000000000e-002	0.000000e+000
5.560007695601917e-002	0.000000e+000
5.560023086805749e-002	0.000000e+000
5.600000000000000e-002	0.000000e+000
5.600024200000220e-002	2.420000e-003
5.600072600000660e-002	7.260000e-003
5.610000000000000e-002	1.000000e+000
5.610220000057457e-002	1.000000e+000
5.610660000172368e-002	1.000000e+000
5.650000000000000e-002	1.000000e+000
5.650220000049108e-002	9.780000e-001
5.650660000147321e-002	9.340000e-001
5.660000000000000e-002	0.000000e+000
5.660007695601917e-002	0.000000e+000
5.660023086805749e-002	0.000000e+000
5.700000000000000e-002	0.000000e+000
5.700024200000220e-002	2.420000e-003
5.700072600000660e-002	7.260000e-003
5.710000000000001e-002	1.000000e+000
5.710220000057457e-002	1.000000e+000
5.710660000172368e-002	1.000000e+000
5.750000000000000e-002	1.000000e+000
5.750220000049108e-002	9.780000e-001
5.750660000147322e-002	9.340000e-001
5.760000000000001e-002	0.000000e+000
5.760007695601917e-002	0.000000e+000
5.760023086805749e-002	0.000000e+000
5.800000000000000e-002	0.000000e+000
5.800024200000220e-002	2.420000e-003
5.800072600000660e-002	7.260000e-003
5.810000000000001e-002	1.000000e+000
5.810220000057457e-002	1.000000e+000
5.810660000172369e-002	1.000000e+000
5.850000000000000e-002	1.000000e+000
5.850220000049108e-002	9.780000e-001
5.850660000147322e-002	9.340000e-001
5.860000000000001e-002	0.000000e+000
5.860007695601917e-002	0.000000e+000
5.860023086805749e-002	0.000000e+000
5.900000000000000e-002	0.000000e+000
5.900024200000220e-002	2.420000e-003
5.900072600000660e-002	7.260000e-003
5.910000000000001e-002	1.000000e+000
5.910220000057457e-002	1.000000e+000
5.910660000172369e-002	1.000000e+000
5.950000000000000e-002	1.000000e+000
5.950220000049108e-002	9.780000e-001
5.950660000147322e-002	9.340000e-001
5.960000000000001e-002	0.000000e+000
5.960007695601917e-002	0.000000e+000
5.960023086805749e-002	0.000000e+000
5.960115434028741e-002	0.000000e+000
6.000000000000001e-002	1.136868e-013
6.000024200000220e-002	2.420000e-003
6.000072600000660e-002	7.260000e-003
6.010000000000000e-002	1.000000e+000
6.010220000057456e-002	1.000000e+000
6.010660000172368e-002	1.000000e+000
6.050000000000000e-002	1.000000e+000
6.050220000049107e-002	9.780000e-001
6.050660000147321e-002	9.340000e-001
6.060000000000000e-002	0.000000e+000
6.060007695601916e-002	0.000000e+000
6.060023086805749e-002	0.000000e+000
6.100000000000000e-002	0.000000e+000
6.100024200000220e-002	2.420000e-003
6.100072600000660e-002	7.260000e-003
6.110000000000000e-002	1.000000e+000
6.110220000057456e-002	1.000000e+000
6.110660000172368e-002	1.000000e+000
6.150000000000000e-002	1.000000e+000
6.150220000049107e-002	9.780000e-001
6.150660000147321e-002	9.340000e-001
6.160000000000000e-002	0.000000e+000
6.160007695601916e-002	0.000000e+000
6.160023086805749e-002	0.000000e+000
6.200000000000000e-002	0.000000e+000
6.200024200000220e-002	2.420000e-003
6.200072600000660e-002	7.260000e-003
6.210000000000000e-002	1.000000e+000
6.210220000057456e-002	1.000000e+000
6.210660000172368e-002	1.000000e+000
6.250000000000000e-002	1.000000e+000
6.250220000049107e-002	9.780000e-001
6.250660000147321e-002	9.340000e-001
6.260000000000000e-002	0.000000e+000
6.260007695601916e-002	0.000000e+000
6.260023086805748e-002	0.000000e+000
6.300000000000000e-002	0.000000e+000
6.300024200000221e-002	2.420000e-003
6.300072600000660e-002	7.260000e-003
6.310000000000000e-002	1.000000e+000
6.310220000057457e-002	1.000000e+000
6.310660000172369e-002	1.000000e+000
6.350000000000000e-002	1.000000e+000
6.350220000049107e-002	9.780000e-001
6.350660000147321e-002	9.340000e-001
6.360000000000000e-002	0.000000e+000
6.360007695601916e-002	0.000000e+000
6.360023086805748e-002	0.000000e+000
6.400000000000000e-002	0.000000e+000
6.400024200000221e-002	2.420000e-003
6.400072600000660e-002	7.260000e-003
6.410000000000000e-002	1.000000e+000
6.410220000057457e-002	1.000000e+000
6.410660000172369e-002	1.000000e+000
6.450000000000000e-002	1.000000e+000
6.450220000049108e-002	9.780000e-001
6.450660000147321e-002	9.340000e-001
6.460000000000001e-002	0.000000e+000
6.460007695601916e-002	0.000000e+000
6.460023086805748e-002	0.000000e+000
6.500000000000000e-002	0.000000e+000
6.500024200000221e-002	2.420000e-003
6.500072600000660e-002	7.260000e-003
6.510000000000001e-002	1.000000e+000
6.510220000057457e-002	1.000000e+000
6.510660000172369e-002	1.000000e+000
6.550000000000000e-002	1.000000e+000
6.550220000049108e-002	9.780000e-001
6.550660000147321e-002	9.340000e-001
6.560000000000001e-002	0.000000e+000
6.560007695601916e-002	0.000000e+000
6.560023086805748e-002	0.000000e+000
6.600000000000000e-002	0.000000e+000
6.600024200000221e-002	2.420000e-003
6.600072600000660e-002	7.260000e-003
6.610000000000001e-002	1.000000e+000
6.610220000057457e-002	1.000000e+000
6.610660000172369e-002	1.000000e+000
6.650000000000000e-002	1.000000e+000
6.650220000049108e-002	9.780000e-001
6.650660000147321e-002	9.340000e-001
6.660000000000001e-002	0.000000e+000
6.660007695601916e-002	0.000000e+000
6.660023086805748e-002	0.000000e+000
6.700000000000000e-002	0.000000e+000
6.700024200000221e-002	2.420000e-003
6.700072600000660e-002	7.260000e-003
6.710000000000001e-002	1.000000e+000
6.710220000057457e-002	1.000000e+000
6.710660000172369e-002	1.000000e+000
6.750000000000000e-002	1.000000e+000
6.750220000049108e-002	9.780000e-001
6.750660000147321e-002	9.340000e-001
6.760000000000001e-002	0.000000e+000
6.760007695601916e-002	0.000000e+000
6.760023086805748e-002	0.000000e+000
6.800000000000001e-002	0.000000e+000
6.800024200000221e-002	2.420000e-003
6.800072600000660e-002	7.260000e-003
6.810000000000001e-002	1.000000e+000
6.810220000057457e-002	1.000000e+000
6.810660000172369e-002	1.000000e+000
6.850000000000001e-002	1.000000e+000
6.850220000049108e-002	9.780000e-001
6.850660000147321e-002	9.340000e-001
6.860000000000001e-002	0.000000e+000
6.860007695601916e-002	0.000000e+000
6.860023086805749e-002	0.000000e+000
6.900000000000001e-002	0.000000e+000
6.900024200000221e-002	2.420000e-003
6.900072600000660e-002	7.260000e-003
6.910000000000001e-002	1.000000e+000
6.910220000057457e-002	1.000000e+000
6.910660000172370e-002	1.000000e+000
6.950000000000001e-002	1.000000e+000
6.950220000049108e-002	9.780000e-001
6.950660000147321e-002	9.340000e-001
6.960000000000001e-002	0.000000e+000
6.960007695601916e-002	0.000000e+000
6.960023086805749e-002	0.000000e+000
7.000000000000001e-002	0.000000e+000
7.000024200000221e-002	2.420000e-003
7.000072600000661e-002	7.260000e-003
7.010000000000001e-002	1.000000e+000
7.010220000057457e-002	1.000000e+000
7.010660000172370e-002	1.000000e+000
7.050000000000001e-002	1.000000e+000
7.050220000049108e-002	9.780000e-001
7.050660000147321e-002	9.340000e-001
7.060000000000001e-002	0.000000e+000
7.060007695601916e-002	0.000000e+000
7.060023086805749e-002	0.000000e+000
7.100000000000001e-002	0.000000e+000
7.100024200000221e-002	2.420000e-003
7.100072600000661e-002	7.260000e-003
7.110000000000001e-002	1.000000e+000
7.110220000057457e-002	1.000000e+000
7.110660000172370e-002	1.000000e+000
7.150000000000001e-002	1.000000e+000
7.150220000049108e-002	9.780000e-001
7.150660000147321e-002	9.340000e-001
7.160000000000001e-002	0.000000e+000
7.160007695601917e-002	0.000000e+000
7.160023086805749e-002	0.000000e+000
7.200000000000001e-002	0.000000e+000
7.200024200000221e-002	2.420000e-003
7.200072600000661e-002	7.260000e-003
7.210000000000001e-002	1.000000e+000
7.210220000057457e-002	1.000000e+000
7.210660000172370e-002	1.000000e+000
7.250000000000001e-002	1.000000e+000
7.250220000049108e-002	9.780000e-001
7.250660000147322e-002	9.340000e-001
7.260000000000001e-002	0.000000e+000
7.260007695601917e-002	0.000000e+000
7.260023086805749e-002	0.000000e+000
7.300000000000001e-002	1.136868e-013
7.300024200000221e-002	2.420000e-003
7.300072600000661e-002	7.260000e-003
7.310000000000000e-002	1.000000e+000
7.310220000057456e-002	1.000000e+000
7.310660000172368e-002	1.000000e+000
7.350000000000000e-002	1.000000e+000
7.350220000049107e-002	9.780000e-001
7.350660000147320e-002	9.340000e-001
7.360000000000000e-002	0.000000e+000
7.360007695601915e-002	0.000000e+000
7.360023086805748e-002	0.000000e+000
7.400000000000000e-002	0.000000e+000
7.400024200000220e-002	2.420000e-003
7.400072600000660e-002	7.260000e-003
7.410000000000000e-002	1.000000e+000
7.410220000057456e-002	1.000000e+000
7.410660000172369e-002	1.000000e+000
7.450000000000000e-002	1.000000e+000
7.450220000049107e-002	9.780000e-001
7.450660000147320e-002	9.340000e-001
7.460000000000000e-002	0.000000e+000
7.460007695601915e-002	0.000000e+000
7.460023086805748e-002	0.000000e+000
7.460115434028740e-002	0.000000e+000
7.500000000000000e-002	0.000000e+000
7.500024200000220e-002	2.420000e-003
7.500072600000660e-002	7.260000e-003
7.510000000000000e-002	1.000000e+000
7.510220000057456e-002	1.000000e+000
7.510660000172369e-002	1.000000e+000
7.550000000000000e-002	1.000000e+000
7.550220000049107e-002	9.780000e-001
7.550660000147320e-002	9.340000e-001
7.560000000000000e-002	0.000000e+000
7.560007695601916e-002	0.000000e+000
7.560023086805748e-002	0.000000e+000
7.600000000000000e-002	0.000000e+000
7.600024200000220e-002	2.420000e-003
7.600072600000660e-002	7.260000e-003
7.610000000000000e-002	1.000000e+000
7.610220000057456e-002	1.000000e+000
7.610660000172369e-002	1.000000e+000
7.650000000000000e-002	1.000000e+000
7.650220000049107e-002	9.780000e-001
7.650660000147320e-002	9.340000e-001
7.660000000000000e-002	0.000000e+000
7.660007695601916e-002	0.000000e+000
7.660023086805748e-002	0.000000e+000
7.700000000000000e-002	0.000000e+000
7.700024200000220e-002	2.420000e-003
7.700072600000660e-002	7.260000e-003
7.710000000000000e-002	1.000000e+000
7.710220000057456e-002	1.000000e+000
7.710660000172369e-002	1.000000e+000
7.750000000000000e-002	1.000000e+000
7.750220000049107e-002	9.780000e-001
7.750660000147321e-002	9.340000e-001
7.760000000000000e-002	0.000000e+000
7.760007695601916e-002	0.000000e+000
7.760023086805748e-002	0.000000e+000
7.800000000000000e-002	0.000000e+000
7.800024200000220e-002	2.420000e-003
7.800072600000660e-002	7.260000e-003
7.810000000000000e-002	1.000000e+000
7.810220000057457e-002	1.000000e+000
7.810660000172369e-002	1.000000e+000
7.850000000000000e-002	1.000000e+000
7.850220000049107e-002	9.780000e-001
7.850660000147321e-002	9.340000e-001
7.860000000000000e-002	0.000000e+000
7.860007695601916e-002	0.000000e+000
7.860023086805748e-002	0.000000e+000
7.900000000000000e-002	0.000000e+000
7.900024200000221e-002	2.420000e-003
7.900072600000660e-002	7.260000e-003
7.910000000000000e-002	1.000000e+000
7.910220000057457e-002	1.000000e+000
7.910660000172369e-002	1.000000e+000
7.950000000000000e-002	1.000000e+000
7.950220000049107e-002	9.780000e-001
7.950660000147321e-002	9.340000e-001
7.960000000000000e-002	0.000000e+000
7.960007695601916e-002	0.000000e+000
7.960023086805748e-002	0.000000e+000
8.000000000000000e-002	0.000000e+000
8.000024200000221e-002	2.420000e-003
8.000072600000660e-002	7.260000e-003
8.010000000000001e-002	1.000000e+000
8.010220000057457e-002	1.000000e+000
8.010660000172369e-002	1.000000e+000
8.050000000000000e-002	1.000000e+000
8.050220000049108e-002	9.780000e-001
8.050660000147321e-002	9.340000e-001
8.060000000000001e-002	0.000000e+000
8.060007695601916e-002	0.000000e+000
8.060023086805748e-002	0.000000e+000
8.100000000000000e-002	0.000000e+000
8.100024200000221e-002	2.420000e-003
8.100072600000660e-002	7.260000e-003
8.110000000000001e-002	1.000000e+000
8.110220000057457e-002	1.000000e+000
8.110660000172369e-002	1.000000e+000
8.150000000000000e-002	1.000000e+000
8.150220000049108e-002	9.780000e-001
8.150660000147321e-002	9.340000e-001
8.160000000000001e-002	0.000000e+000
8.160007695601916e-002	0.000000e+000
8.160023086805748e-002	0.000000e+000
8.200000000000000e-002	0.000000e+000
8.200024200000221e-002	2.420000e-003
8.200072600000660e-002	7.260000e-003
8.210000000000001e-002	1.000000e+000
8.210220000057457e-002	1.000000e+000
8.210660000172369e-002	1.000000e+000
8.250000000000000e-002	1.000000e+000
8.250220000049108e-002	9.780000e-001
8.250660000147321e-002	9.340000e-001
8.260000000000001e-002	0.000000e+000
8.260007695601916e-002	0.000000e+000
8.260023086805748e-002	0.000000e+000
8.300000000000000e-002	0.000000e+000
8.300024200000221e-002	2.420000e-003
8.300072600000660e-002	7.260000e-003
8.310000000000001e-002	1.000000e+000
8.310220000057457e-002	1.000000e+000
8.310660000172369e-002	1.000000e+000
8.350000000000001e-002	1.000000e+000
8.350220000049108e-002	9.780000e-001
8.350660000147321e-002	9.340000e-001
8.360000000000001e-002	0.000000e+000
8.360007695601916e-002	0.000000e+000
8.360023086805749e-002	0.000000e+000
8.400000000000001e-002	0.000000e+000
8.400024200000221e-002	2.420000e-003
8.400072600000660e-002	7.260000e-003
8.410000000000001e-002	1.000000e+000
8.410220000057457e-002	1.000000e+000
8.410660000172369e-002	1.000000e+000
8.450000000000001e-002	1.000000e+000
8.450220000049108e-002	9.780000e-001
8.450660000147321e-002	9.340000e-001
8.460000000000001e-002	0.000000e+000
8.460007695601916e-002	0.000000e+000
8.460023086805749e-002	0.000000e+000
8.500000000000001e-002	0.000000e+000
8.500024200000221e-002	2.420000e-003
8.500072600000660e-002	7.260000e-003
8.510000000000001e-002	1.000000e+000
8.510220000057457e-002	1.000000e+000
8.510660000172370e-002	1.000000e+000
8.550000000000001e-002	1.000000e+000
8.550220000049108e-002	9.780000e-001
8.550660000147321e-002	9.340000e-001
8.560000000000001e-002	0.000000e+000
8.560007695601916e-002	0.000000e+000
8.560023086805749e-002	0.000000e+000
8.600000000000001e-002	0.000000e+000
8.600024200000221e-002	2.420000e-003
8.600072600000661e-002	7.260000e-003
8.610000000000001e-002	1.000000e+000
8.610220000057457e-002	1.000000e+000
8.610660000172370e-002	1.000000e+000
8.650000000000001e-002	1.000000e+000
8.650220000049108e-002	9.780000e-001
8.650660000147321e-002	9.340000e-001
8.660000000000001e-002	0.000000e+000
8.660007695601917e-002	0.000000e+000
8.660023086805749e-002	0.000000e+000
8.700000000000001e-002	0.000000e+000
8.700024200000221e-002	2.420000e-003
8.700072600000661e-002	7.260000e-003
8.710000000000001e-002	1.000000e+000
8.710220000057457e-002	1.000000e+000
8.710660000172370e-002	1.000000e+000
8.750000000000001e-002	1.000000e+000
8.750220000049108e-002	9.780000e-001
8.750660000147321e-002	9.340000e-001
8.760000000000001e-002	0.000000e+000
8.760007695601917e-002	0.000000e+000
8.760023086805749e-002	0.000000e+000
8.800000000000001e-002	1.136868e-013
8.800024200000221e-002	2.420000e-003
8.800072600000661e-002	7.260000e-003
8.810000000000000e-002	1.000000e+000
8.810220000057456e-002	1.000000e+000
8.810660000172368e-002	1.000000e+000
8.850000000000000e-002	1.000000e+000
8.850220000049107e-002	9.780000e-001
8.850660000147320e-002	9.340000e-001
8.860000000000000e-002	0.000000e+000
8.860007695601915e-002	0.000000e+000
8.860023086805748e-002	0.000000e+000
8.900000000000000e-002	0.000000e+000
8.900024200000220e-002	2.420000e-003
8.900072600000659e-002	7.260000e-003
8.910000000000000e-002	1.000000e+000
8.910220000057456e-002	1.000000e+000
8.910660000172369e-002	1.000000e+000
8.950000000000000e-002	1.000000e+000
8.950220000049107e-002	9.780000e-001
8.950660000147320e-002	9.340000e-001
8.960000000000000e-002	0.000000e+000
8.960007695601915e-002	0.000000e+000
8.960023086805748e-002	0.000000e+000
8.960115434028740e-002	0.000000e+000
9.000000000000000e-002	0.000000e+000
9.000024200000220e-002	2.420000e-003
9.000072600000660e-002	7.260000e-003
9.010000000000000e-002	1.000000e+000
9.010220000057456e-002	1.000000e+000
9.010660000172369e-002	1.000000e+000
9.050000000000000e-002	1.000000e+000
9.050220000049107e-002	9.780000e-001
9.050660000147320e-002	9.340000e-001
9.060000000000000e-002	0.000000e+000
9.060007695601915e-002	0.000000e+000
9.060023086805748e-002	0.000000e+000
9.100000000000000e-002	0.000000e+000
9.100024200000220e-002	2.420000e-003
9.100072600000660e-002	7.260000e-003
9.110000000000000e-002	1.000000e+000
9.110220000057456e-002	1.000000e+000
9.110660000172369e-002	1.000000e+000
9.150000000000000e-002	1.000000e+000
9.150220000049107e-002	9.780000e-001
9.150660000147320e-002	9.340000e-001
9.160000000000000e-002	0.000000e+000
9.160007695601916e-002	0.000000e+000
9.160023086805748e-002	0.000000e+000
9.200000000000000e-002	0.000000e+000
9.200024200000220e-002	2.420000e-003
9.200072600000660e-002	7.260000e-003
9.210000000000000e-002	1.000000e+000
9.210220000057456e-002	1.000000e+000
9.210660000172369e-002	1.000000e+000
9.250000000000000e-002	1.000000e+000
9.250220000049107e-002	9.780000e-001
9.250660000147321e-002	9.340000e-001
9.260000000000000e-002	0.000000e+000
9.260007695601916e-002	0.000000e+000
9.260023086805748e-002	0.000000e+000
9.300000000000000e-002	0.000000e+000
9.300024200000220e-002	2.420000e-003
9.300072600000660e-002	7.260000e-003
9.310000000000000e-002	1.000000e+000
9.310220000057456e-002	1.000000e+000
9.310660000172369e-002	1.000000e+000
9.350000000000000e-002	1.000000e+000
9.350220000049107e-002	9.780000e-001
9.350660000147321e-002	9.340000e-001
9.360000000000000e-002	0.000000e+000
9.360007695601916e-002	0.000000e+000
9.360023086805748e-002	0.000000e+000
9.400000000000000e-002	0.000000e+000
9.400024200000220e-002	2.420000e-003
9.400072600000660e-002	7.260000e-003
9.410000000000000e-002	1.000000e+000
9.410220000057457e-002	1.000000e+000
9.410660000172369e-002	1.000000e+000
9.450000000000000e-002	1.000000e+000
9.450220000049107e-002	9.780000e-001
9.450660000147321e-002	9.340000e-001
9.460000000000000e-002	0.000000e+000
9.460007695601916e-002	0.000000e+000
9.460023086805748e-002	0.000000e+000
9.500000000000000e-002	0.000000e+000
9.500024200000221e-002	2.420000e-003
9.500072600000660e-002	7.260000e-003
9.510000000000000e-002	1.000000e+000
9.510220000057457e-002	1.000000e+000
9.510660000172369e-002	1.000000e+000
9.550000000000000e-002	1.000000e+000
9.550220000049108e-002	9.780000e-001
9.550660000147321e-002	9.340000e-001
9.560000000000000e-002	0.000000e+000
9.560007695601916e-002	0.000000e+000
9.560023086805748e-002	0.000000e+000
9.600000000000000e-002	0.000000e+000
9.600024200000221e-002	2.420000e-003
9.600072600000660e-002	7.260000e-003
9.610000000000001e-002	1.000000e+000
9.610220000057457e-002	1.000000e+000
9.610660000172369e-002	1.000000e+000
9.650000000000000e-002	1.000000e+000
9.650220000049108e-002	9.780000e-001
9.650660000147321e-002	9.340000e-001
9.660000000000001e-002	0.000000e+000
9.660007695601916e-002	0.000000e+000
9.660023086805748e-002	0.000000e+000
9.700000000000000e-002	0.000000e+000
9.700024200000221e-002	2.420000e-003
9.700072600000660e-002	7.260000e-003
9.710000000000001e-002	1.000000e+000
9.710220000057457e-002	1.000000e+000
9.710660000172369e-002	1.000000e+000
9.750000000000000e-002	1.000000e+000
9.750220000049108e-002	9.780000e-001
9.750660000147321e-002	9.340000e-001
9.760000000000001e-002	0.000000e+000
9.760007695601916e-002	0.000000e+000
9.760023086805748e-002	0.000000e+000
9.800000000000000e-002	0.000000e+000
9.800024200000221e-002	2.420000e-003
9.800072600000660e-002	7.260000e-003
9.810000000000001e-002	1.000000e+000
9.810220000057457e-002	1.000000e+000
9.810660000172369e-002	1.000000e+000
9.850000000000000e-002	1.000000e+000
9.850220000049108e-002	9.780000e-001
9.850660000147321e-002	9.340000e-001
9.860000000000001e-002	0.000000e+000
9.860007695601916e-002	0.000000e+000
9.860023086805748e-002	0.000000e+000
9.900000000000001e-002	0.000000e+000
9.900024200000221e-002	2.420000e-003
9.900072600000660e-002	7.260000e-003
9.910000000000001e-002	1.000000e+000
9.910220000057457e-002	1.000000e+000
9.910660000172369e-002	1.000000e+000
9.950000000000001e-002	1.000000e+000
9.950220000049108e-002	9.780000e-001
9.950660000147321e-002	9.340000e-001
9.960000000000001e-002	0.000000e+000
9.960007695601916e-002	0.000000e+000
9.960023086805749e-002	0.000000e+000
9.990000000000000e-002	0.000000e+000
1.000000000000000e-001	0.000000e+000
