time	V(a)	I(I1)
0.000000000000000e+000	0.000000e+000	0.000000e+000
9.999999960041972e-013	-1.998786e-005	2.000000e-004
1.999999992008394e-012	-3.997122e-005	4.000000e-004
3.999999984016789e-012	-7.991908e-005	8.000000e-004
7.999999968033578e-012	-1.597361e-004	1.600000e-003
1.594807115157767e-011	-3.180152e-004	3.189614e-003
3.184421351866586e-011	-6.335229e-004	6.368843e-003
5.332277851779125e-011	-1.057805e-003	1.066456e-002
7.868325665785403e-011	-1.555874e-003	1.573665e-002
1.019259931768289e-010	-2.009441e-003	2.038520e-002
1.266385345091494e-010	-2.488283e-003	2.532771e-002
1.585060970341359e-010	-3.100839e-003	3.170122e-002
1.975518512920638e-010	-3.844052e-003	3.951037e-002
2.475085130147781e-010	-4.783346e-003	4.950170e-002
3.090690416517682e-010	-5.923155e-003	6.181381e-002
3.871780099610692e-010	-7.341767e-003	7.743561e-002
4.843009365654207e-010	-9.063628e-003	9.686019e-002
6.073423483543097e-010	-1.117984e-002	1.214685e-001
7.615714064784515e-010	-1.373322e-002	1.523143e-001
9.574057926477102e-010	-1.682324e-002	1.914812e-001
1.205089029204894e-009	-2.050102e-002	2.410178e-001
1.521722705024585e-009	-2.485396e-002	3.043445e-001
1.927167482148902e-009	-2.990706e-002	3.854335e-001
2.452386282215140e-009	-3.568107e-002	4.904773e-001
3.138239773910547e-009	-4.209856e-002	6.276479e-001
4.048731444646342e-009	-4.911383e-002	8.097463e-001
5.000000000000000e-009	-5.530776e-002	1.000000e+000
5.285380566606098e-009	-4.600356e-002	9.429239e-001
5.665887988747561e-009	-3.482499e-002	8.668224e-001
6.426902833030488e-009	-1.597013e-002	7.146195e-001
7.761134736401999e-009	1.036116e-002	4.477730e-001
8.696058182058374e-009	2.414305e-002	2.607884e-001
1.000000000000000e-008	3.881766e-002	0.000000e+000
1.039118254538249e-008	3.468459e-002	0.000000e+000
1.091275927255914e-008	2.987179e-002	0.000000e+000
1.195591272691244e-008	2.195576e-002	0.000000e+000
1.328419052399592e-008	1.422213e-002	0.000000e+000
1.456768332617068e-008	8.802678e-003	0.000000e+000
1.576903925182468e-008	5.178731e-003	0.000000e+000
1.689556023162756e-008	2.700682e-003	0.000000e+000
1.787902643400282e-008	1.069092e-003	0.000000e+000
1.861666965354055e-008	1.248078e-004	0.000000e+000
1.952291312032210e-008	-7.891743e-004	0.000000e+000
2.033977786162526e-008	-1.428096e-003	0.000000e+000
2.171883026288854e-008	-2.222611e-003	0.000000e+000
2.311744853759596e-008	-2.778770e-003	0.000000e+000
2.507857021608204e-008	-3.259121e-003	0.000000e+000
2.706533371105953e-008	-3.526387e-003	0.000000e+000
2.974782574550133e-008	-3.678433e-003	0.000000e+000
3.263071069136715e-008	-3.708716e-003	0.000000e+000
3.659276724259192e-008	-3.646651e-003	0.000000e+000
4.125874910105564e-008	-3.521757e-003	0.000000e+000
5.772104650974440e-008	-3.040424e-003	0.000000e+000
7.541324291787387e-008	-2.600965e-003	0.000000e+000
1.107976357341328e-007	-1.900427e-003	0.000000e+000
1.525284961735607e-007	-1.288988e-003	0.000000e+000
1.926770969030359e-007	-8.828907e-004	0.000000e+000
2.354711151841938e-007	-5.898393e-004	0.000000e+000
2.755237945298053e-007	-4.036339e-004	0.000000e+000
3.174001946405476e-007	-2.720513e-004	0.000000e+000
3.576767415303238e-007	-1.859473e-004	0.000000e+000
3.994099121919043e-007	-1.254904e-004	0.000000e+000
4.399439349336703e-007	-8.556884e-005	0.000000e+000
4.814891469232776e-007	-5.783847e-005	0.000000e+000
5.221547675246936e-007	-3.939463e-005	0.000000e+000
5.635697382790795e-007	-2.665859e-005	0.000000e+000
6.043423469322202e-007	-1.814087e-005	0.000000e+000
6.456691280608471e-007	-1.228537e-005	0.000000e+000
6.865158703407073e-007	-8.354697e-006	0.000000e+000
7.277787028272484e-007	-5.661105e-006	0.000000e+000
7.686778510865535e-007	-3.848112e-006	0.000000e+000
8.098958549936900e-007	-2.608474e-006	0.000000e+000
8.508321270433262e-007	-1.772532e-006	0.000000e+000
8.920184976873799e-007	-1.201871e-006	0.000000e+000
9.329996414982568e-007	-8.163725e-007	0.000000e+000
9.741542557637028e-007	-5.536905e-007	0.000000e+000
1.015159783830480e-006	-3.760164e-007	0.000000e+000
1.056291474081229e-006	-2.550779e-007	0.000000e+000
1.097316029370550e-006	-1.731974e-007	0.000000e+000
1.138432096098990e-006	-1.175076e-007	0.000000e+000
1.179469998964143e-006	-7.977821e-008	0.000000e+000
1.220574754851872e-006	-5.413165e-008	0.000000e+000
1.261622104945431e-006	-3.674804e-008	0.000000e+000
1.302718878168098e-006	-2.493625e-008	0.000000e+000
1.343772950951557e-006	-1.692735e-008	0.000000e+000
1.384864066013182e-006	-1.148701e-008	0.000000e+000
1.425922893158560e-006	-7.797349e-009	0.000000e+000
1.467010005674213e-006	-5.309710e-009	0.000000e+000
1.512746724270143e-006	-3.482933e-009	0.000000e+000
1.565381398495630e-006	-2.148540e-009	0.000000e+000
1.626565782250913e-006	-1.226135e-009	0.000000e+000
1.698214373115152e-006	-6.367302e-010	0.000000e+000
1.784416551592353e-006	-2.883762e-010	0.000000e+000
2.084416551592353e-006	-1.467539e-011	0.000000e+000
9.999999999999999e-006	0.000000e+000	0.000000e+000
1.000000661215185e-005	-1.318935e-004	1.322430e-003
1.000001983645554e-005	-3.952666e-004	3.967291e-003
1.000002990275210e-005	-5.952311e-004	5.980550e-003
1.000004028538187e-005	-8.007237e-004	8.057076e-003
1.000006105064141e-005	-1.209905e-003	1.221013e-002
1.000008511134218e-005	-1.681481e-003	1.702227e-002
1.000010964473173e-005	-2.159223e-003	2.192895e-002
1.000013616066654e-005	-2.671767e-003	2.723213e-002
1.000017078184445e-005	-3.335252e-003	3.415637e-002
1.000021274890855e-005	-4.131053e-003	4.254978e-002
1.000026678907857e-005	-5.142304e-003	5.335782e-002
1.000033304629574e-005	-6.361779e-003	6.660926e-002
1.000041749316528e-005	-7.884064e-003	8.349863e-002
1.000052222299735e-005	-9.723419e-003	1.044446e-001
1.000065531454605e-005	-1.198559e-002	1.310629e-001
1.000082197745068e-005	-1.470405e-002	1.643955e-001
1.000103414613134e-005	-1.798944e-002	2.068292e-001
1.000130258507400e-005	-2.188160e-002	2.605170e-001
1.000164669648100e-005	-2.647117e-002	3.293393e-001
1.000208812735496e-005	-3.176409e-002	4.176255e-001
1.000266211375771e-005	-3.776881e-002	5.324228e-001
1.000341463016554e-005	-4.452451e-002	6.829261e-001
1.000399476128204e-005	-4.886099e-002	7.989523e-001
1.000500000000000e-005	-5.530047e-002	1.000000e+000
1.000530157161539e-005	-4.550122e-002	9.396857e-001
1.000570366710257e-005	-3.379424e-002	8.592666e-001
1.000650785807694e-005	-1.413803e-002	6.984284e-001
1.000783176427414e-005	1.166756e-002	4.336472e-001
1.000867064330086e-005	2.390979e-002	2.658713e-001
1.001000000000000e-005	3.881504e-002	1.920686e-014
1.001039880700974e-005	3.460785e-002	0.000000e+000
1.001093054968940e-005	2.972094e-002	0.000000e+000
1.001199403504870e-005	2.170372e-002	0.000000e+000
1.001332793173022e-005	1.400637e-002	0.000000e+000
1.001460773977905e-005	8.660346e-003	0.000000e+000
1.001580655448125e-005	5.082815e-003	0.000000e+000
1.001693008941137e-005	2.635422e-003	0.000000e+000
1.001790742474926e-005	1.027614e-003	0.000000e+000
1.001863466049010e-005	1.028161e-004	0.000000e+000
1.001953274027269e-005	-7.980288e-004	0.000000e+000
1.002035944665648e-005	-1.441575e-003	0.000000e+000
1.002173901976977e-005	-2.232222e-003	0.000000e+000
1.002314674464949e-005	-2.788145e-003	0.000000e+000
1.002510646065078e-005	-3.264146e-003	0.000000e+000
1.002710352929297e-005	-3.529819e-003	0.000000e+000
1.002978702142834e-005	-3.679506e-003	0.000000e+000
1.003268487524725e-005	-3.708365e-003	0.000000e+000
1.003665305585783e-005	-3.645209e-003	0.000000e+000
1.004134722975558e-005	-3.519093e-003	0.000000e+000
1.005791365492137e-005	-3.035097e-003	0.000000e+000
1.007575098796940e-005	-2.593241e-003	0.000000e+000
1.011142565406544e-005	-1.889826e-003	0.000000e+000
1.015324656282981e-005	-1.280313e-003	0.000000e+000
1.019336724120028e-005	-8.770635e-004	0.000000e+000
1.023611798559241e-005	-5.862021e-004	0.000000e+000
1.027617251726895e-005	-4.011579e-004	0.000000e+000
1.031805171697755e-005	-2.703764e-004	0.000000e+000
1.035833560120136e-005	-1.847887e-004	0.000000e+000
1.040006466264078e-005	-1.247125e-004	0.000000e+000
1.044060072839602e-005	-8.503698e-005	0.000000e+000
1.048214315217303e-005	-5.748043e-005	0.000000e+000
1.052281129949144e-005	-3.914991e-005	0.000000e+000
1.056422440484239e-005	-2.649342e-005	0.000000e+000
1.060499887043367e-005	-1.802818e-005	0.000000e+000
1.064632408465876e-005	-1.220922e-005	0.000000e+000
1.068717233544698e-005	-8.302799e-006	0.000000e+000
1.072843393512296e-005	-5.625999e-006	0.000000e+000
1.076933436149140e-005	-3.824206e-006	0.000000e+000
1.081055133966373e-005	-2.592293e-006	0.000000e+000
1.085148871908489e-005	-1.761518e-006	0.000000e+000
1.089267420898461e-005	-1.194412e-006	0.000000e+000
1.093365606277951e-005	-8.113013e-007	0.000000e+000
1.097481004030290e-005	-5.502541e-007	0.000000e+000
1.101581610920714e-005	-3.736810e-007	0.000000e+000
1.105694734089322e-005	-2.534946e-007	0.000000e+000
1.109797229135557e-005	-1.721218e-007	0.000000e+000
1.113908801593601e-005	-1.167782e-007	0.000000e+000
1.118012621327412e-005	-7.928278e-008	0.000000e+000
1.122123071275238e-005	-5.379561e-008	0.000000e+000
1.126227828643596e-005	-3.651985e-008	0.000000e+000
1.130337486324608e-005	-2.478145e-008	0.000000e+000
1.134442910919185e-005	-1.682223e-008	0.000000e+000
1.138552007018894e-005	-1.141570e-008	0.000000e+000
1.142657903506660e-005	-7.748930e-009	0.000000e+000
1.146766602328525e-005	-5.277286e-009	0.000000e+000
1.151354553492893e-005	-3.457403e-009	0.000000e+000
1.156626261424485e-005	-2.131131e-009	0.000000e+000
1.162763869318441e-005	-1.214123e-009	0.000000e+000
1.169943562187015e-005	-6.296305e-010	0.000000e+000
1.178596147355137e-005	-2.842437e-010	0.000000e+000
1.208596147355137e-005	-1.444910e-011	0.000000e+000
1.368596147355138e-005	-5.183855e-018	0.000000e+000
2.000000000000000e-005	0.000000e+000	0.000000e+000
2.000000112097349e-005	-2.240438e-005	2.241947e-004
2.000000336292048e-005	-6.719281e-005	6.725841e-004
2.000000784681444e-005	-1.566766e-004	1.569363e-003
2.000001579485124e-005	-3.149667e-004	3.158970e-003
2.000003169092483e-005	-6.304852e-004	6.338185e-003
2.000005321486444e-005	-1.055680e-003	1.064297e-002
2.000007854129177e-005	-1.553097e-003	1.570826e-002
2.000010181089017e-005	-2.007204e-003	2.036218e-002
2.000012649551141e-005	-2.485523e-003	2.529910e-002
2.000015833787513e-005	-3.097621e-003	3.166758e-002
2.000019732855383e-005	-3.839827e-003	3.946571e-002
2.000024723858570e-005	-4.778307e-003	4.944772e-002
2.000030872023637e-005	-5.916753e-003	6.174405e-002
2.000038675001415e-005	-7.334079e-003	7.735001e-002
2.000048375336103e-005	-9.054050e-003	9.675067e-002
2.000060666199090e-005	-1.116834e-002	1.213324e-001
2.000076070344040e-005	-1.371915e-002	1.521407e-001
2.000095631526953e-005	-1.680649e-002	1.912630e-001
2.000120369352982e-005	-2.048099e-002	2.407387e-001
2.000151994685202e-005	-2.483058e-002	3.039894e-001
2.000192487262408e-005	-2.987999e-002	3.849745e-001
2.000244941260704e-005	-3.565061e-002	4.898825e-001
2.000313431985549e-005	-4.206508e-002	6.268640e-001
2.000404349734135e-005	-4.907601e-002	8.086995e-001
2.000500000000000e-005	-5.530804e-002	1.000000e+000
2.000528695079760e-005	-4.595562e-002	9.426098e-001
2.000566955186105e-005	-3.472528e-002	8.660896e-001
2.000643475398797e-005	-1.579141e-002	7.130492e-001
2.000776791668136e-005	1.048745e-002	4.464166e-001
2.000869355805542e-005	2.411932e-002	2.612884e-001
2.001000000000000e-005	3.881698e-002	0.000000e+000
2.001039193258337e-005	3.467664e-002	0.000000e+000
2.001091450936120e-005	2.985657e-002	0.000000e+000
2.001195966291686e-005	2.193060e-002	0.000000e+000
2.001328849878535e-005	1.420059e-002	0.000000e+000
2.001457162915917e-005	8.788462e-003	0.000000e+000
2.001577273336482e-005	5.169153e-003	0.000000e+000
2.001689895976891e-005	2.694164e-003	0.000000e+000
2.001788182193163e-005	1.064945e-003	0.000000e+000
2.001861844127124e-005	1.225976e-004	0.000000e+000
2.001952388216480e-005	-7.900771e-004	0.000000e+000
2.002034173091386e-005	-1.429460e-003	0.000000e+000
2.002172084408070e-005	-2.223587e-003	0.000000e+000
2.002312037228267e-005	-2.779718e-003	0.000000e+000
2.002508136354378e-005	-3.259630e-003	0.000000e+000
2.002706915815448e-005	-3.526733e-003	0.000000e+000
2.002975176327282e-005	-3.678540e-003	0.000000e+000
2.003263614773498e-005	-3.708679e-003	0.000000e+000
2.003659883763242e-005	-3.646503e-003	0.000000e+000
2.004126764828682e-005	-3.521486e-003	0.000000e+000
2.005774043122963e-005	-3.039885e-003	0.000000e+000
2.007544728293842e-005	-2.600183e-003	0.000000e+000
2.011086098635600e-005	-1.899353e-003	0.000000e+000
2.015260097280072e-005	-1.288108e-003	0.000000e+000
2.019274675884575e-005	-8.823000e-004	0.000000e+000
2.023553640429677e-005	-5.894707e-004	0.000000e+000
2.027558926376553e-005	-4.033830e-004	0.000000e+000
2.031746594940821e-005	-2.718816e-004	0.000000e+000
2.035774323455869e-005	-1.858298e-004	0.000000e+000
2.039947599326010e-005	-1.254116e-004	0.000000e+000
2.044001021866407e-005	-8.551494e-005	0.000000e+000
2.048155515172417e-005	-5.780218e-005	0.000000e+000
2.052222102385285e-005	-3.936983e-005	0.000000e+000
2.056363580902625e-005	-2.664185e-005	0.000000e+000
2.060440860150699e-005	-1.812945e-005	0.000000e+000
2.064573522722403e-005	-1.227765e-005	0.000000e+000
2.068658211804075e-005	-8.349439e-006	0.000000e+000
2.072784482891436e-005	-5.657548e-006	0.000000e+000
2.076874410234818e-005	-3.845689e-006	0.000000e+000
2.080996200562163e-005	-2.606834e-006	0.000000e+000
2.085089838549956e-005	-1.771415e-006	0.000000e+000
2.089208467022404e-005	-1.201115e-006	0.000000e+000
2.093306588337146e-005	-8.158585e-007	0.000000e+000
2.097422043555078e-005	-5.533423e-007	0.000000e+000
2.101522601633682e-005	-3.757797e-007	0.000000e+000
2.105635766188918e-005	-2.549175e-007	0.000000e+000
2.109738225567255e-005	-1.730884e-007	0.000000e+000
2.113849828909192e-005	-1.174337e-007	0.000000e+000
2.117953622060860e-005	-7.972800e-008	0.000000e+000
2.122064095156641e-005	-5.409760e-008	0.000000e+000
2.126168832338083e-005	-3.672492e-008	0.000000e+000
2.130278507753985e-005	-2.492056e-008	0.000000e+000
2.134383916711342e-005	-1.691669e-008	0.000000e+000
2.138493026725302e-005	-1.147979e-008	0.000000e+000
2.142598910772282e-005	-7.792441e-009	0.000000e+000
2.146707620822877e-005	-5.306424e-009	0.000000e+000
2.151282733659677e-005	-3.480345e-009	0.000000e+000
2.156547033203953e-005	-2.146774e-009	0.000000e+000
2.162667405751901e-005	-1.224917e-009	0.000000e+000
2.169833762085390e-005	-6.360096e-010	0.000000e+000
2.178457243981524e-005	-2.879563e-010	0.000000e+000
2.208457243981523e-005	-1.465239e-011	0.000000e+000
3.000000000000000e-005	0.000000e+000	0.000000e+000
3.000001042482224e-005	-2.076610e-004	2.084964e-003
3.000003127446672e-005	-6.219333e-004	6.254893e-003
3.000004798567757e-005	-9.526284e-004	9.597136e-003
3.000006383250881e-005	-1.264656e-003	1.276650e-002
3.000008444132476e-005	-1.668316e-003	1.688826e-002
3.000010943352714e-005	-2.154948e-003	2.188671e-002
3.000013563222158e-005	-2.661401e-003	2.712644e-002
3.000017102269027e-005	-3.339662e-003	3.420454e-002
3.000021255206997e-005	-4.127169e-003	4.251041e-002
3.000026722382749e-005	-5.150205e-003	5.344477e-002
3.000033307378420e-005	-6.362115e-003	6.661475e-002
3.000041814357529e-005	-7.895485e-003	8.362871e-002
3.000052253726808e-005	-9.728703e-003	1.045075e-001
3.000065627357059e-005	-1.200144e-002	1.312547e-001
3.000082269886559e-005	-1.471541e-002	1.645398e-001
3.000103558487419e-005	-1.801093e-002	2.071170e-001
3.000130393908773e-005	-2.190040e-002	2.607878e-001
3.000164893026936e-005	-2.649945e-002	3.297861e-001
3.000209053754066e-005	-3.179120e-002	4.181075e-001
3.000266574742708e-005	-3.780385e-002	5.331495e-001
3.000341894955733e-005	-4.456175e-002	6.837899e-001
3.000399275646412e-005	-4.884923e-002	7.985513e-001
3.000500000000000e-005	-5.530052e-002	1.000000e+000
3.000530217306076e-005	-4.548292e-002	9.395654e-001
3.000570507047511e-005	-3.375648e-002	8.589859e-001
3.000651086530381e-005	-1.407095e-002	6.978269e-001
3.000783442167388e-005	1.171595e-002	4.331157e-001
3.000866972690808e-005	2.390148e-002	2.660546e-001
3.001000000000000e-005	3.881492e-002	0.000000e+000
3.001039908192758e-005	3.460507e-002	0.000000e+000
3.001093119116434e-005	2.971550e-002	0.000000e+000
3.001199540963788e-005	2.169466e-002	0.000000e+000
3.001332950623600e-005	1.399863e-002	0.000000e+000
3.001460918056087e-005	8.655246e-003	0.000000e+000
3.001580790318555e-005	5.079377e-003	0.000000e+000
3.001693132904717e-005	2.633083e-003	0.000000e+000
3.001790844100009e-005	1.026129e-003	0.000000e+000
3.001863529699672e-005	1.020333e-004	0.000000e+000
3.001953307865748e-005	-7.983392e-004	0.000000e+000
3.002036013755748e-005	-1.442052e-003	0.000000e+000
3.002173972567238e-005	-2.232561e-003	0.000000e+000
3.002314777698437e-005	-2.788478e-003	0.000000e+000
3.002510743838119e-005	-3.264326e-003	0.000000e+000
3.002710487580913e-005	-3.529943e-003	0.000000e+000
3.002978839825822e-005	-3.679547e-003	0.000000e+000
3.003268678700746e-005	-3.708355e-003	0.000000e+000
3.003665517810220e-005	-3.645161e-003	0.000000e+000
3.004135035748242e-005	-3.519002e-003	0.000000e+000
3.005792048041809e-005	-3.034911e-003	0.000000e+000
3.007576294995805e-005	-2.592970e-003	0.000000e+000
3.011144788903798e-005	-1.889454e-003	0.000000e+000
3.015327197134360e-005	-1.280008e-003	0.000000e+000
3.019339165967919e-005	-8.768588e-004	0.000000e+000
3.023614087382985e-005	-5.860743e-004	0.000000e+000
3.027619547383712e-005	-4.010708e-004	0.000000e+000
3.031807477146672e-005	-2.703175e-004	0.000000e+000
3.035835891642058e-005	-1.847480e-004	0.000000e+000
3.040008783123928e-005	-1.246852e-004	0.000000e+000
3.044062397074117e-005	-8.501828e-005	0.000000e+000
3.048216629480156e-005	-5.746786e-005	0.000000e+000
3.052283453296720e-005	-3.914131e-005	0.000000e+000
3.056424757120131e-005	-2.648761e-005	0.000000e+000
3.060502210395641e-005	-1.802422e-005	0.000000e+000
3.064634726162309e-005	-1.220654e-005	0.000000e+000
3.068719556728180e-005	-8.300975e-006	0.000000e+000
3.072845712220206e-005	-5.624766e-006	0.000000e+000
3.076935759532196e-005	-3.823365e-006	0.000000e+000
3.081057453604257e-005	-2.591724e-006	0.000000e+000
3.085151195621172e-005	-1.761131e-006	0.000000e+000
3.089269741376421e-005	-1.194150e-006	0.000000e+000
3.093367929360574e-005	-8.111230e-007	0.000000e+000
3.097483324773170e-005	-5.501334e-007	0.000000e+000
3.101583933651538e-005	-3.735989e-007	0.000000e+000
3.105697055134569e-005	-2.534390e-007	0.000000e+000
3.109799551634348e-005	-1.720840e-007	0.000000e+000
3.113911122833122e-005	-1.167525e-007	0.000000e+000
3.118014943651366e-005	-7.926537e-008	0.000000e+000
3.122125392654233e-005	-5.378380e-008	0.000000e+000
3.126230150847301e-005	-3.651182e-008	0.000000e+000
3.130339807803188e-005	-2.477601e-008	0.000000e+000
3.134445233037708e-005	-1.681854e-008	0.000000e+000
3.138554328567421e-005	-1.141319e-008	0.000000e+000
3.142660225565368e-005	-7.747230e-009	0.000000e+000
3.146768923926239e-005	-5.276147e-009	0.000000e+000
3.151357379318491e-005	-3.456507e-009	0.000000e+000
3.156629378018274e-005	-2.130520e-009	0.000000e+000
3.162767662940735e-005	-1.213702e-009	0.000000e+000
3.169947879488523e-005	-6.293815e-010	0.000000e+000
3.178601608514177e-005	-2.840989e-010	0.000000e+000
3.208601608514177e-005	-1.444117e-011	0.000000e+000
4.000000000000000e-005	0.000000e+000	0.000000e+000
4.000000540281801e-005	-1.078175e-004	1.080564e-003
4.000001620845404e-005	-3.231558e-004	3.241691e-003
4.000002583523407e-005	-5.145633e-004	5.167047e-003
4.000003569962451e-005	-7.100348e-004	7.139925e-003
4.000005542840541e-005	-1.099298e-003	1.108568e-002
4.000008009083559e-005	-1.583347e-003	1.601817e-002
4.000010406911566e-005	-2.051011e-003	2.081382e-002
4.000012912544761e-005	-2.536205e-003	2.582509e-002
4.000016196677586e-005	-3.166961e-003	3.239335e-002
4.000020164134427e-005	-3.921360e-003	4.032827e-002
4.000025292296447e-005	-4.884301e-003	5.058459e-002
4.000031561747113e-005	-6.043195e-003	6.312349e-002
4.000039566319635e-005	-7.493971e-003	7.913264e-002
4.000049473581752e-005	-9.245830e-003	9.894716e-002
4.000062072949842e-005	-1.140573e-002	1.241459e-001
4.000077825166594e-005	-1.400288e-002	1.556503e-001
4.000097876477460e-005	-1.715026e-002	1.957529e-001
4.000123204348709e-005	-2.088636e-002	2.464087e-001
4.000155641682220e-005	-2.530841e-002	3.112833e-001
4.000197164407055e-005	-3.042827e-002	3.943288e-001
4.000251042703273e-005	-3.627055e-002	5.020854e-001
4.000321442618245e-005	-4.274230e-002	6.428852e-001
4.000415095004334e-005	-4.984356e-002	8.301900e-001
4.000499999999999e-005	-5.530326e-002	1.000000e+000
4.000525471498699e-005	-4.694706e-002	9.490570e-001
4.000559433496965e-005	-3.679867e-002	8.811330e-001
4.000627357493497e-005	-1.953712e-002	7.452850e-001
4.000763205486561e-005	7.910328e-003	4.735890e-001
4.000873931242763e-005	2.455082e-002	2.521375e-001
4.001000000000000e-005	3.883903e-002	0.000000e+000
4.001037820627171e-005	3.483105e-002	0.000000e+000
4.001088248130065e-005	3.014402e-002	0.000000e+000
4.001189103135854e-005	2.240084e-002	0.000000e+000
4.001320945919338e-005	1.460370e-002	0.000000e+000
4.001449920237958e-005	9.054733e-003	0.000000e+000
4.001570494937168e-005	5.348543e-003	0.000000e+000
4.001683655953837e-005	2.816305e-003	0.000000e+000
4.001783045255796e-005	1.142818e-003	0.000000e+000
4.001858572316795e-005	1.581839e-004	0.000000e+000
4.001938509071685e-005	-6.680606e-004	0.000000e+000
4.002018478554644e-005	-1.316482e-003	0.000000e+000
4.002147766521394e-005	-2.102179e-003	0.000000e+000
4.002287283745079e-005	-2.695250e-003	0.000000e+000
4.002474121473800e-005	-3.194619e-003	0.000000e+000
4.002671159664429e-005	-3.490563e-003	0.000000e+000
4.002927143700866e-005	-3.662791e-003	0.000000e+000
4.003210482275244e-005	-3.709822e-003	0.000000e+000
4.003586572952411e-005	-3.662847e-003	0.000000e+000
4.004037502024294e-005	-3.547475e-003	0.000000e+000
4.005578584627204e-005	-3.094073e-003	0.000000e+000
4.007149595636178e-005	-2.691162e-003	0.000000e+000
4.010291617654127e-005	-2.037721e-003	0.000000e+000
4.014336679063318e-005	-1.404522e-003	0.000000e+000
4.018390764622172e-005	-9.602728e-004	0.000000e+000
4.022728929648008e-005	-6.377387e-004	0.000000e+000
4.026732921695503e-005	-4.361660e-004	0.000000e+000
4.030915769416406e-005	-2.940920e-004	0.000000e+000
4.034933909682317e-005	-2.012083e-004	0.000000e+000
4.039112277199872e-005	-1.357376e-004	0.000000e+000
4.043163254928335e-005	-9.257431e-005	0.000000e+000
4.047321270348804e-005	-6.255342e-005	0.000000e+000
4.051384543384524e-005	-4.261822e-005	0.000000e+000
4.055528421004488e-005	-2.883412e-005	0.000000e+000
4.059603171941083e-005	-1.962568e-005	0.000000e+000
4.063737941604408e-005	-1.328848e-005	0.000000e+000
4.067820483304363e-005	-9.038565e-006	0.000000e+000
4.071948485217044e-005	-6.123567e-006	0.000000e+000
4.076036508170353e-005	-4.163169e-006	0.000000e+000
4.080159805854562e-005	-2.821668e-006	0.000000e+000
4.084251719281788e-005	-1.917696e-006	0.000000e+000
4.088371701335029e-005	-1.300151e-006	0.000000e+000
4.092468741229049e-005	-8.832114e-007	0.000000e+000
4.096585178504188e-005	-5.989719e-007	0.000000e+000
4.100684900834288e-005	-4.067966e-007	0.000000e+000
4.104798774384927e-005	-2.759414e-007	0.000000e+000
4.108900619901603e-005	-1.873736e-007	0.000000e+000
4.113012757269503e-005	-1.271197e-007	0.000000e+000
4.117116088934899e-005	-8.630751e-008	0.000000e+000
4.121226966137378e-005	-5.855992e-008	0.000000e+000
4.125331348797610e-005	-3.975545e-008	0.000000e+000
4.129441337754938e-005	-2.697627e-008	0.000000e+000
4.133546468275738e-005	-1.831260e-008	0.000000e+000
4.137655828028070e-005	-1.242679e-008	0.000000e+000
4.141761486928704e-005	-8.435428e-009	0.000000e+000
4.145870401999313e-005	-5.736774e-009	0.000000e+000
4.150267487385238e-005	-3.820953e-009	0.000000e+000
4.155428327518582e-005	-2.379946e-009	0.000000e+000
4.161310255024317e-005	-1.387180e-009	0.000000e+000
4.168291482906125e-005	-7.326322e-010	0.000000e+000
4.176515615459992e-005	-3.450998e-010	0.000000e+000
4.196515615459993e-005	-4.884957e-011	0.000000e+000
4.706515615460005e-005	-2.896962e-020	0.000000e+000
5.000000000000000e-005	0.000000e+000	0.000000e+000
5.000001099999999e-005	-2.190732e-004	2.200000e-003
5.000003299999999e-005	-6.560913e-004	6.600000e-003
5.000004927776834e-005	-9.780840e-004	9.855554e-003
5.000006600778715e-005	-1.307324e-003	1.320156e-002
5.000008727823384e-005	-1.723692e-003	1.745565e-002
5.000011206651198e-005	-2.205982e-003	2.241330e-002
5.000013941412760e-005	-2.734166e-003	2.788283e-002
5.000017524363702e-005	-3.420084e-003	3.504873e-002
5.000021832994309e-005	-4.235985e-003	4.366599e-002
5.000027397558194e-005	-5.275450e-003	5.479512e-002
5.000034199606325e-005	-6.524600e-003	6.839921e-002
5.000042889174348e-005	-8.086644e-003	8.577835e-002
5.000053648458382e-005	-9.969624e-003	1.072969e-001
5.000067342689780e-005	-1.228691e-002	1.346854e-001
5.000084478621624e-005	-1.506632e-002	1.689572e-001
5.000106319762840e-005	-1.842443e-002	2.126395e-001
5.000133951570869e-005	-2.239490e-002	2.679031e-001
5.000169414741081e-005	-2.707084e-002	3.388295e-001
5.000214933516303e-005	-3.244926e-002	4.298670e-001
5.000274210905426e-005	-3.853481e-002	5.484218e-001
5.000352038932378e-005	-4.542105e-002	7.040778e-001
5.000395778705677e-005	-4.881230e-002	7.915574e-001
5.000446003948851e-005	-5.208182e-002	8.920079e-001
5.000499999999999e-005	-5.527238e-002	1.000000e+000
5.000516198815343e-005	-4.985701e-002	9.676024e-001
5.000537797235803e-005	-4.305833e-002	9.244055e-001
5.000580994076722e-005	-3.082534e-002	8.380119e-001
5.000667387758559e-005	-1.044206e-002	6.652245e-001
5.000800784943233e-005	1.476582e-002	3.984301e-001
5.000863804274949e-005	2.437558e-002	2.723914e-001
5.000873961336566e-005	2.567791e-002	2.520773e-001
5.000894275459798e-005	2.804501e-002	2.114491e-001
5.000934903706263e-005	3.236651e-002	1.301926e-001
5.001000000000000e-005	3.870755e-002	0.000000e+000
5.001045567405615e-005	3.390913e-002	0.000000e+000
5.001097644440604e-005	2.919833e-002	0.000000e+000
5.001201798510582e-005	2.144795e-002	0.000000e+000
5.001334405124623e-005	1.387383e-002	0.000000e+000
5.001462450555132e-005	8.566446e-003	0.000000e+000
5.001582142131060e-005	5.018729e-003	0.000000e+000
5.001694128137306e-005	2.594640e-003	0.000000e+000
5.001791452914362e-005	1.001973e-003	0.000000e+000
5.001863527491643e-005	8.906365e-005	0.000000e+000
5.001952823846790e-005	-8.037864e-004	0.000000e+000
5.002036121588906e-005	-1.450407e-003	0.000000e+000
5.002174106817489e-005	-2.238755e-003	0.000000e+000
5.002315460016665e-005	-2.794652e-003	0.000000e+000
5.002511339562836e-005	-3.268013e-003	0.000000e+000
5.002711704155063e-005	-3.532737e-003	0.000000e+000
5.002980113540747e-005	-3.680972e-003	0.000000e+000
5.003270854156739e-005	-3.708936e-003	0.000000e+000
5.003668057383100e-005	-3.645081e-003	0.000000e+000
5.005802570306958e-005	-3.032366e-003	0.000000e+000
5.007595588625579e-005	-2.588887e-003	0.000000e+000
5.011181625262821e-005	-1.883492e-003	0.000000e+000
5.015369433615911e-005	-1.275080e-003	0.000000e+000
5.019379707350672e-005	-8.735528e-004	0.000000e+000
5.023652018031441e-005	-5.840184e-004	0.000000e+000
5.027657598420055e-005	-3.996714e-004	0.000000e+000
5.031845694330798e-005	-2.693708e-004	0.000000e+000
5.035874555357219e-005	-1.840926e-004	0.000000e+000
5.040047194939209e-005	-1.242453e-004	0.000000e+000
5.044100936898564e-005	-8.471744e-005	0.000000e+000
5.048254997572416e-005	-5.726540e-005	0.000000e+000
5.052321978740947e-005	-3.900289e-005	0.000000e+000
5.056463166277941e-005	-2.639420e-005	0.000000e+000
5.060540736606317e-005	-1.796047e-005	0.000000e+000
5.064673154009939e-005	-1.216347e-005	0.000000e+000
5.068758080780455e-005	-8.271618e-006	0.000000e+000
5.072884157960872e-005	-5.604911e-006	0.000000e+000
5.076974287731701e-005	-3.809841e-006	0.000000e+000
5.081095915873599e-005	-2.582572e-006	0.000000e+000
5.085189730207451e-005	-1.754901e-006	0.000000e+000
5.089308218667291e-005	-1.189931e-006	0.000000e+000
5.093406452732860e-005	-8.082542e-007	0.000000e+000
5.097521806681041e-005	-5.481896e-007	0.000000e+000
5.101622450800308e-005	-3.722777e-007	0.000000e+000
5.105735542401635e-005	-2.525434e-007	0.000000e+000
5.109838064687589e-005	-1.714755e-007	0.000000e+000
5.113949613532502e-005	-1.163399e-007	0.000000e+000
5.118053453612518e-005	-7.898511e-008	0.000000e+000
5.122163885818015e-005	-5.359371e-008	0.000000e+000
5.126268658683805e-005	-3.638274e-008	0.000000e+000
5.130378302726596e-005	-2.468844e-008	0.000000e+000
5.134483739369252e-005	-1.675908e-008	0.000000e+000
5.138592824726151e-005	-1.137285e-008	0.000000e+000
5.142698730840503e-005	-7.719840e-009	0.000000e+000
5.146807420953284e-005	-5.257805e-009	0.000000e+000
5.151404017253429e-005	-3.442073e-009	0.000000e+000
5.156680707291239e-005	-2.120683e-009	0.000000e+000
5.162829924066792e-005	-1.206921e-009	0.000000e+000
5.170018592761604e-005	-6.253773e-010	0.000000e+000
5.178690797784507e-005	-2.817727e-010	0.000000e+000
5.208690797784508e-005	-1.431386e-011	0.000000e+000
6.000000000000000e-005	0.000000e+000	0.000000e+000
6.000001099999999e-005	-2.190732e-004	2.200000e-003
6.000003299999999e-005	-6.560913e-004	6.600000e-003
6.000004927776834e-005	-9.780840e-004	9.855554e-003
6.000006600778715e-005	-1.307324e-003	1.320156e-002
6.000008727823384e-005	-1.723692e-003	1.745565e-002
6.000011206651198e-005	-2.205982e-003	2.241330e-002
6.000013941412760e-005	-2.734166e-003	2.788283e-002
6.000017524363702e-005	-3.420084e-003	3.504873e-002
6.000021832994309e-005	-4.235985e-003	4.366599e-002
6.000027397558194e-005	-5.275450e-003	5.479512e-002
6.000034199606325e-005	-6.524600e-003	6.839921e-002
6.000042889174348e-005	-8.086644e-003	8.577835e-002
6.000053648458382e-005	-9.969624e-003	1.072969e-001
6.000067342689780e-005	-1.228691e-002	1.346854e-001
6.000084478621624e-005	-1.506632e-002	1.689572e-001
6.000106319762840e-005	-1.842443e-002	2.126395e-001
6.000133951570869e-005	-2.239490e-002	2.679031e-001
6.000169414741081e-005	-2.707084e-002	3.388295e-001
6.000214933516303e-005	-3.244926e-002	4.298670e-001
6.000274210905425e-005	-3.853481e-002	5.484218e-001
6.000352038932378e-005	-4.542105e-002	7.040778e-001
6.000395778705677e-005	-4.881230e-002	7.915574e-001
6.000446003948851e-005	-5.208182e-002	8.920079e-001
6.000499999999999e-005	-5.527238e-002	1.000000e+000
6.000516198815343e-005	-4.985701e-002	9.676024e-001
6.000537797235803e-005	-4.305833e-002	9.244055e-001
6.000580994076722e-005	-3.082534e-002	8.380119e-001
6.000667387758559e-005	-1.044206e-002	6.652245e-001
6.000800784943233e-005	1.476582e-002	3.984301e-001
6.000863804274949e-005	2.437558e-002	2.723914e-001
6.000873961336566e-005	2.567791e-002	2.520773e-001
6.000894275459798e-005	2.804501e-002	2.114491e-001
6.000934903706263e-005	3.236651e-002	1.301926e-001
6.001000000000000e-005	3.870755e-002	0.000000e+000
6.001045567405615e-005	3.390913e-002	0.000000e+000
6.001097644440604e-005	2.919833e-002	0.000000e+000
6.001201798510582e-005	2.144795e-002	0.000000e+000
6.001334405124623e-005	1.387383e-002	0.000000e+000
6.001462450555132e-005	8.566446e-003	0.000000e+000
6.001582142131060e-005	5.018729e-003	0.000000e+000
6.001694128137306e-005	2.594640e-003	0.000000e+000
6.001791452914362e-005	1.001973e-003	0.000000e+000
6.001863527491643e-005	8.906365e-005	0.000000e+000
6.001952823846790e-005	-8.037864e-004	0.000000e+000
6.002036121588906e-005	-1.450407e-003	0.000000e+000
6.002174106817489e-005	-2.238755e-003	0.000000e+000
6.002315460016664e-005	-2.794652e-003	0.000000e+000
6.002511339562836e-005	-3.268013e-003	0.000000e+000
6.002711704155063e-005	-3.532737e-003	0.000000e+000
6.002980113540747e-005	-3.680972e-003	0.000000e+000
6.003270854156739e-005	-3.708936e-003	0.000000e+000
6.003668057383099e-005	-3.645081e-003	0.000000e+000
6.005802570306958e-005	-3.032366e-003	0.000000e+000
6.007595588625579e-005	-2.588887e-003	0.000000e+000
6.011181625262821e-005	-1.883492e-003	0.000000e+000
6.015369433615911e-005	-1.275080e-003	0.000000e+000
6.019379707350672e-005	-8.735528e-004	0.000000e+000
6.023652018031441e-005	-5.840184e-004	0.000000e+000
6.027657598420054e-005	-3.996714e-004	0.000000e+000
6.031845694330797e-005	-2.693708e-004	0.000000e+000
6.035874555357219e-005	-1.840926e-004	0.000000e+000
6.040047194939209e-005	-1.242453e-004	0.000000e+000
6.044100936898564e-005	-8.471744e-005	0.000000e+000
6.048254997572416e-005	-5.726540e-005	0.000000e+000
6.052321978740947e-005	-3.900289e-005	0.000000e+000
6.056463166277941e-005	-2.639420e-005	0.000000e+000
6.060540736606317e-005	-1.796047e-005	0.000000e+000
6.064673154009939e-005	-1.216347e-005	0.000000e+000
6.068758080780454e-005	-8.271618e-006	0.000000e+000
6.072884157960871e-005	-5.604911e-006	0.000000e+000
6.076974287731701e-005	-3.809841e-006	0.000000e+000
6.081095915873599e-005	-2.582572e-006	0.000000e+000
6.085189730207451e-005	-1.754901e-006	0.000000e+000
6.089308218667291e-005	-1.189931e-006	0.000000e+000
6.093406452732860e-005	-8.082542e-007	0.000000e+000
6.097521806681041e-005	-5.481896e-007	0.000000e+000
6.101622450800308e-005	-3.722777e-007	0.000000e+000
6.105735542401635e-005	-2.525434e-007	0.000000e+000
6.109838064687588e-005	-1.714755e-007	0.000000e+000
6.113949613532502e-005	-1.163399e-007	0.000000e+000
6.118053453612517e-005	-7.898511e-008	0.000000e+000
6.122163885818015e-005	-5.359371e-008	0.000000e+000
6.126268658683805e-005	-3.638274e-008	0.000000e+000
6.130378302726596e-005	-2.468844e-008	0.000000e+000
6.134483739369252e-005	-1.675908e-008	0.000000e+000
6.138592824726151e-005	-1.137285e-008	0.000000e+000
6.142698730840503e-005	-7.719840e-009	0.000000e+000
6.146807420953284e-005	-5.257805e-009	0.000000e+000
6.151404017253429e-005	-3.442073e-009	0.000000e+000
6.156680707291239e-005	-2.120683e-009	0.000000e+000
6.162829924066792e-005	-1.206921e-009	0.000000e+000
6.170018592761603e-005	-6.253773e-010	0.000000e+000
6.178690797784506e-005	-2.817727e-010	0.000000e+000
6.208690797784507e-005	-1.431386e-011	0.000000e+000
6.999999999999999e-005	0.000000e+000	0.000000e+000
7.000001099999999e-005	-2.190732e-004	2.200000e-003
7.000003299999998e-005	-6.560913e-004	6.600000e-003
7.000004927776833e-005	-9.780840e-004	9.855554e-003
7.000006600778713e-005	-1.307324e-003	1.320156e-002
7.000008727823383e-005	-1.723692e-003	1.745565e-002
7.000011206651198e-005	-2.205982e-003	2.241330e-002
7.000013941412759e-005	-2.734166e-003	2.788283e-002
7.000017524363701e-005	-3.420084e-003	3.504873e-002
7.000021832994307e-005	-4.235985e-003	4.366599e-002
7.000027397558191e-005	-5.275450e-003	5.479512e-002
7.000034199606322e-005	-6.524600e-003	6.839921e-002
7.000042889174346e-005	-8.086644e-003	8.577835e-002
7.000053648458379e-005	-9.969624e-003	1.072969e-001
7.000067342689776e-005	-1.228691e-002	1.346854e-001
7.000084478621619e-005	-1.506632e-002	1.689572e-001
7.000106319762835e-005	-1.842443e-002	2.126395e-001
7.000133951570862e-005	-2.239490e-002	2.679031e-001
7.000169414741070e-005	-2.707084e-002	3.388295e-001
7.000214933516290e-005	-3.244926e-002	4.298670e-001
7.000274210905410e-005	-3.853481e-002	5.484218e-001
7.000352038932357e-005	-4.542105e-002	7.040778e-001
7.000395778705685e-005	-4.881230e-002	7.915574e-001
7.000446003948660e-005	-5.208182e-002	8.920079e-001
7.000499999999999e-005	-5.527238e-002	1.000000e+000
7.000516198815400e-005	-4.985701e-002	9.676024e-001
7.000537797235936e-005	-4.305833e-002	9.244055e-001
7.000580994077008e-005	-3.082534e-002	8.380119e-001
7.000667387759151e-005	-1.044206e-002	6.652245e-001
7.000800784943775e-005	1.476582e-002	3.984301e-001
7.000863804274787e-005	2.437558e-002	2.723914e-001
7.000873961337975e-005	2.567791e-002	2.520773e-001
7.000894275464351e-005	2.804501e-002	2.114491e-001
7.000934903717105e-005	3.236651e-002	1.301926e-001
7.000999999999999e-005	3.870755e-002	1.035616e-012
7.001045567398025e-005	3.390913e-002	0.000000e+000
7.001097644424340e-005	2.919833e-002	0.000000e+000
7.001201798476971e-005	2.144795e-002	0.000000e+000
7.001334405086199e-005	1.387384e-002	0.000000e+000
7.001462450519911e-005	8.566447e-003	0.000000e+000
7.001582142098112e-005	5.018730e-003	0.000000e+000
7.001694128107049e-005	2.594640e-003	0.000000e+000
7.001791452889566e-005	1.001973e-003	0.000000e+000
7.001863527476165e-005	8.906385e-005	0.000000e+000
7.001952823838631e-005	-8.037863e-004	0.000000e+000
7.002036121572291e-005	-1.450406e-003	0.000000e+000
7.002174106800620e-005	-2.238755e-003	0.000000e+000
7.002315459991958e-005	-2.794652e-003	0.000000e+000
7.002511339539563e-005	-3.268013e-003	0.000000e+000
7.002711704122956e-005	-3.532737e-003	0.000000e+000
7.002980113508072e-005	-3.680972e-003	0.000000e+000
7.003270854111271e-005	-3.708936e-003	0.000000e+000
7.003668057332843e-005	-3.645081e-003	0.000000e+000
7.005802570144976e-005	-3.032366e-003	0.000000e+000
7.007595588342258e-005	-2.588887e-003	0.000000e+000
7.011181624736822e-005	-1.883493e-003	0.000000e+000
7.015369433015319e-005	-1.275080e-003	0.000000e+000
7.019379706773516e-005	-8.735529e-004	0.000000e+000
7.023652017490400e-005	-5.840185e-004	0.000000e+000
7.027657597877321e-005	-3.996715e-004	0.000000e+000
7.031845693785785e-005	-2.693708e-004	0.000000e+000
7.035874554806017e-005	-1.840926e-004	0.000000e+000
7.040047194391505e-005	-1.242453e-004	0.000000e+000
7.044100936349079e-005	-8.471745e-005	0.000000e+000
7.048254997025316e-005	-5.726540e-005	0.000000e+000
7.052321978191661e-005	-3.900289e-005	0.000000e+000
7.056463165730271e-005	-2.639420e-005	0.000000e+000
7.060540736057021e-005	-1.796047e-005	0.000000e+000
7.064673153462009e-005	-1.216347e-005	0.000000e+000
7.068758080231189e-005	-8.271618e-006	0.000000e+000
7.072884157412693e-005	-5.604912e-006	0.000000e+000
7.076974287182379e-005	-3.809842e-006	0.000000e+000
7.081095915325192e-005	-2.582572e-006	0.000000e+000
7.085189729658040e-005	-1.754901e-006	0.000000e+000
7.089308218118676e-005	-1.189931e-006	0.000000e+000
7.093406452183606e-005	-8.082542e-007	0.000000e+000
7.097521806132363e-005	-5.481896e-007	0.000000e+000
7.101622450251140e-005	-3.722777e-007	0.000000e+000
7.105735541852883e-005	-2.525434e-007	0.000000e+000
7.109838064138479e-005	-1.714755e-007	0.000000e+000
7.113949612983703e-005	-1.163399e-007	0.000000e+000
7.118053453063451e-005	-7.898512e-008	0.000000e+000
7.122163885269182e-005	-5.359372e-008	0.000000e+000
7.126268658134769e-005	-3.638274e-008	0.000000e+000
7.130378302177739e-005	-2.468844e-008	0.000000e+000
7.134483738820237e-005	-1.675908e-008	0.000000e+000
7.138592824177278e-005	-1.137285e-008	0.000000e+000
7.142698730291502e-005	-7.719841e-009	0.000000e+000
7.146807420404398e-005	-5.257805e-009	0.000000e+000
7.151404016584940e-005	-3.442073e-009	0.000000e+000
7.156680706553837e-005	-2.120683e-009	0.000000e+000
7.162829923168766e-005	-1.206921e-009	0.000000e+000
7.170018591739393e-005	-6.253774e-010	0.000000e+000
7.178690796490727e-005	-2.817727e-010	0.000000e+000
7.208690796490728e-005	-1.431386e-011	0.000000e+000
7.995710442111023e-005	-1.025958e-021	0.000000e+000
7.999999999999999e-005	0.000000e+000	0.000000e+000
8.000001099999999e-005	-2.190732e-004	2.200000e-003
8.000003299999998e-005	-6.560913e-004	6.600000e-003
8.000004927776833e-005	-9.780840e-004	9.855554e-003
8.000006600778713e-005	-1.307324e-003	1.320156e-002
8.000008727823383e-005	-1.723692e-003	1.745565e-002
8.000011206651197e-005	-2.205982e-003	2.241330e-002
8.000013941412759e-005	-2.734166e-003	2.788283e-002
8.000017524363701e-005	-3.420084e-003	3.504873e-002
8.000021832994307e-005	-4.235985e-003	4.366599e-002
8.000027397558191e-005	-5.275450e-003	5.479512e-002
8.000034199606322e-005	-6.524600e-003	6.839921e-002
8.000042889174346e-005	-8.086644e-003	8.577835e-002
8.000053648458379e-005	-9.969624e-003	1.072969e-001
8.000067342689776e-005	-1.228691e-002	1.346854e-001
8.000084478621619e-005	-1.506632e-002	1.689572e-001
8.000106319762835e-005	-1.842443e-002	2.126395e-001
8.000133951570862e-005	-2.239490e-002	2.679031e-001
8.000169414741070e-005	-2.707084e-002	3.388295e-001
8.000214933516290e-005	-3.244926e-002	4.298670e-001
8.000274210905410e-005	-3.853481e-002	5.484218e-001
8.000352038932357e-005	-4.542105e-002	7.040778e-001
8.000395778705685e-005	-4.881230e-002	7.915574e-001
8.000446003948660e-005	-5.208182e-002	8.920079e-001
8.000499999999999e-005	-5.527238e-002	1.000000e+000
8.000516198815400e-005	-4.985701e-002	9.676024e-001
8.000537797235936e-005	-4.305833e-002	9.244055e-001
8.000580994077008e-005	-3.082534e-002	8.380119e-001
8.000667387759151e-005	-1.044206e-002	6.652245e-001
8.000800784943774e-005	1.476582e-002	3.984301e-001
8.000863804274787e-005	2.437558e-002	2.723914e-001
8.000873961337975e-005	2.567791e-002	2.520773e-001
8.000894275464351e-005	2.804501e-002	2.114491e-001
8.000934903717105e-005	3.236651e-002	1.301926e-001
8.000999999999999e-005	3.870755e-002	1.035616e-012
8.001045567398025e-005	3.390913e-002	0.000000e+000
8.001097644424340e-005	2.919833e-002	0.000000e+000
8.001201798476971e-005	2.144795e-002	0.000000e+000
8.001334405086199e-005	1.387384e-002	0.000000e+000
8.001462450519911e-005	8.566447e-003	0.000000e+000
8.001582142098112e-005	5.018730e-003	0.000000e+000
8.001694128107049e-005	2.594640e-003	0.000000e+000
8.001791452889566e-005	1.001973e-003	0.000000e+000
8.001863527476165e-005	8.906385e-005	0.000000e+000
8.001952823838631e-005	-8.037863e-004	0.000000e+000
8.002036121572291e-005	-1.450406e-003	0.000000e+000
8.002174106800619e-005	-2.238755e-003	0.000000e+000
8.002315459991958e-005	-2.794652e-003	0.000000e+000
8.002511339539563e-005	-3.268013e-003	0.000000e+000
8.002711704122956e-005	-3.532737e-003	0.000000e+000
8.002980113508072e-005	-3.680972e-003	0.000000e+000
8.003270854111271e-005	-3.708936e-003	0.000000e+000
8.003668057332842e-005	-3.645081e-003	0.000000e+000
8.005802570144976e-005	-3.032366e-003	0.000000e+000
8.007595588342258e-005	-2.588887e-003	0.000000e+000
8.011181624736822e-005	-1.883493e-003	0.000000e+000
8.015369433015319e-005	-1.275080e-003	0.000000e+000
8.019379706773516e-005	-8.735529e-004	0.000000e+000
8.023652017490400e-005	-5.840185e-004	0.000000e+000
8.027657597877321e-005	-3.996715e-004	0.000000e+000
8.031845693785784e-005	-2.693708e-004	0.000000e+000
8.035874554806017e-005	-1.840926e-004	0.000000e+000
8.040047194391505e-005	-1.242453e-004	0.000000e+000
8.044100936349079e-005	-8.471745e-005	0.000000e+000
8.048254997025316e-005	-5.726540e-005	0.000000e+000
8.052321978191661e-005	-3.900289e-005	0.000000e+000
8.056463165730271e-005	-2.639420e-005	0.000000e+000
8.060540736057021e-005	-1.796047e-005	0.000000e+000
8.064673153462008e-005	-1.216347e-005	0.000000e+000
8.068758080231189e-005	-8.271618e-006	0.000000e+000
8.072884157412693e-005	-5.604912e-006	0.000000e+000
8.076974287182379e-005	-3.809842e-006	0.000000e+000
8.081095915325192e-005	-2.582572e-006	0.000000e+000
8.085189729658040e-005	-1.754901e-006	0.000000e+000
8.089308218118676e-005	-1.189931e-006	0.000000e+000
8.093406452183606e-005	-8.082542e-007	0.000000e+000
8.097521806132363e-005	-5.481896e-007	0.000000e+000
8.101622450251140e-005	-3.722777e-007	0.000000e+000
8.105735541852883e-005	-2.525434e-007	0.000000e+000
8.109838064138479e-005	-1.714755e-007	0.000000e+000
8.113949612983703e-005	-1.163399e-007	0.000000e+000
8.118053453063451e-005	-7.898512e-008	0.000000e+000
8.122163885269182e-005	-5.359372e-008	0.000000e+000
8.126268658134769e-005	-3.638274e-008	0.000000e+000
8.130378302177739e-005	-2.468844e-008	0.000000e+000
8.134483738820237e-005	-1.675908e-008	0.000000e+000
8.138592824177277e-005	-1.137285e-008	0.000000e+000
8.142698730291502e-005	-7.719841e-009	0.000000e+000
8.146807420404398e-005	-5.257805e-009	0.000000e+000
8.151404016584940e-005	-3.442073e-009	0.000000e+000
8.156680706553837e-005	-2.120683e-009	0.000000e+000
8.162829923168766e-005	-1.206921e-009	0.000000e+000
8.170018591739393e-005	-6.253774e-010	0.000000e+000
8.178690796490727e-005	-2.817727e-010	0.000000e+000
8.208690796490728e-005	-1.431386e-011	0.000000e+000
8.999999999999999e-005	0.000000e+000	0.000000e+000
9.000001099999999e-005	-2.190732e-004	2.200000e-003
9.000003299999998e-005	-6.560913e-004	6.600000e-003
9.000004927776833e-005	-9.780840e-004	9.855554e-003
9.000006600778713e-005	-1.307324e-003	1.320156e-002
9.000008727823383e-005	-1.723692e-003	1.745565e-002
9.000011206651197e-005	-2.205982e-003	2.241330e-002
9.000013941412759e-005	-2.734166e-003	2.788283e-002
9.000017524363700e-005	-3.420084e-003	3.504873e-002
9.000021832994307e-005	-4.235985e-003	4.366599e-002
9.000027397558191e-005	-5.275450e-003	5.479512e-002
9.000034199606322e-005	-6.524600e-003	6.839921e-002
9.000042889174346e-005	-8.086644e-003	8.577835e-002
9.000053648458379e-005	-9.969624e-003	1.072969e-001
9.000067342689776e-005	-1.228691e-002	1.346854e-001
9.000084478621619e-005	-1.506632e-002	1.689572e-001
9.000106319762835e-005	-1.842443e-002	2.126395e-001
9.000133951570862e-005	-2.239490e-002	2.679031e-001
9.000169414741070e-005	-2.707084e-002	3.388295e-001
9.000214933516290e-005	-3.244926e-002	4.298670e-001
9.000274210905410e-005	-3.853481e-002	5.484218e-001
9.000352038932356e-005	-4.542105e-002	7.040778e-001
9.000395778705685e-005	-4.881230e-002	7.915574e-001
9.000446003948660e-005	-5.208182e-002	8.920079e-001
9.000499999999999e-005	-5.527238e-002	1.000000e+000
9.000516198815400e-005	-4.985701e-002	9.676024e-001
9.000537797235936e-005	-4.305833e-002	9.244055e-001
9.000580994077008e-005	-3.082534e-002	8.380119e-001
9.000667387759151e-005	-1.044206e-002	6.652245e-001
9.000800784943774e-005	1.476582e-002	3.984301e-001
9.000863804274786e-005	2.437558e-002	2.723914e-001
9.000873961337975e-005	2.567791e-002	2.520773e-001
9.000894275464351e-005	2.804501e-002	2.114491e-001
9.000934903717104e-005	3.236651e-002	1.301926e-001
9.000999999999999e-005	3.870755e-002	1.035616e-012
9.001045567398025e-005	3.390913e-002	0.000000e+000
9.001097644424340e-005	2.919833e-002	0.000000e+000
9.001201798476971e-005	2.144795e-002	0.000000e+000
9.001334405086199e-005	1.387384e-002	0.000000e+000
9.001462450519911e-005	8.566447e-003	0.000000e+000
9.001582142098112e-005	5.018730e-003	0.000000e+000
9.001694128107049e-005	2.594640e-003	0.000000e+000
9.001791452889566e-005	1.001973e-003	0.000000e+000
9.001863527476165e-005	8.906385e-005	0.000000e+000
9.001952823838631e-005	-8.037863e-004	0.000000e+000
9.002036121572291e-005	-1.450406e-003	0.000000e+000
9.002174106800619e-005	-2.238755e-003	0.000000e+000
9.002315459991958e-005	-2.794652e-003	0.000000e+000
9.002511339539563e-005	-3.268013e-003	0.000000e+000
9.002711704122956e-005	-3.532737e-003	0.000000e+000
9.002980113508072e-005	-3.680972e-003	0.000000e+000
9.003270854111271e-005	-3.708936e-003	0.000000e+000
9.003668057332842e-005	-3.645081e-003	0.000000e+000
9.005802570144976e-005	-3.032366e-003	0.000000e+000
9.007595588342258e-005	-2.588887e-003	0.000000e+000
9.011181624736822e-005	-1.883493e-003	0.000000e+000
9.015369433015319e-005	-1.275080e-003	0.000000e+000
9.019379706773516e-005	-8.735529e-004	0.000000e+000
9.023652017490400e-005	-5.840185e-004	0.000000e+000
9.027657597877321e-005	-3.996715e-004	0.000000e+000
9.031845693785784e-005	-2.693708e-004	0.000000e+000
9.035874554806017e-005	-1.840926e-004	0.000000e+000
9.040047194391505e-005	-1.242453e-004	0.000000e+000
9.044100936349079e-005	-8.471745e-005	0.000000e+000
9.048254997025316e-005	-5.726540e-005	0.000000e+000
9.052321978191661e-005	-3.900289e-005	0.000000e+000
9.056463165730271e-005	-2.639420e-005	0.000000e+000
9.060540736057021e-005	-1.796047e-005	0.000000e+000
9.064673153462008e-005	-1.216347e-005	0.000000e+000
9.068758080231189e-005	-8.271618e-006	0.000000e+000
9.072884157412693e-005	-5.604912e-006	0.000000e+000
9.076974287182379e-005	-3.809842e-006	0.000000e+000
9.081095915325192e-005	-2.582572e-006	0.000000e+000
9.085189729658040e-005	-1.754901e-006	0.000000e+000
9.089308218118675e-005	-1.189931e-006	0.000000e+000
9.093406452183606e-005	-8.082542e-007	0.000000e+000
9.097521806132363e-005	-5.481896e-007	0.000000e+000
9.101622450251140e-005	-3.722777e-007	0.000000e+000
9.105735541852883e-005	-2.525434e-007	0.000000e+000
9.109838064138479e-005	-1.714755e-007	0.000000e+000
9.113949612983703e-005	-1.163399e-007	0.000000e+000
9.118053453063451e-005	-7.898512e-008	0.000000e+000
9.122163885269182e-005	-5.359372e-008	0.000000e+000
9.126268658134769e-005	-3.638274e-008	0.000000e+000
9.130378302177739e-005	-2.468844e-008	0.000000e+000
9.134483738820237e-005	-1.675908e-008	0.000000e+000
9.138592824177277e-005	-1.137285e-008	0.000000e+000
9.142698730291502e-005	-7.719841e-009	0.000000e+000
9.146807420404398e-005	-5.257805e-009	0.000000e+000
9.151404016584940e-005	-3.442073e-009	0.000000e+000
9.156680706553837e-005	-2.120683e-009	0.000000e+000
9.162829923168766e-005	-1.206921e-009	0.000000e+000
9.170018591739393e-005	-6.253774e-010	0.000000e+000
9.178690796490727e-005	-2.817727e-010	0.000000e+000
9.208690796490728e-005	-1.431386e-011	0.000000e+000
9.248690796490729e-005	-2.520894e-013	0.000000e+000
9.999499999999999e-005	1.033683e-024	0.000000e+000
9.999999999999999e-005	1.207475e-025	0.000000e+000
