time	V(a)	I(I1)
0.000000000000000e+000	0.000000e+000	0.000000e+000
9.999999960041972e-013	-9.994449e-005	1.000000e-003
1.400326166739145e-012	-1.399513e-004	1.400326e-003
2.200978508209039e-012	-2.199488e-004	2.200979e-003
3.802283191148829e-012	-3.798805e-004	3.802283e-003
7.004892557028407e-012	-6.994850e-004	7.004892e-003
1.341011128878757e-011	-1.337660e-003	1.341011e-002
2.622054875230588e-011	-2.610881e-003	2.622055e-002
4.019206806686546e-011	-3.995048e-003	4.019207e-002
5.463866806066099e-011	-5.420987e-003	5.463867e-002
6.834949280288887e-011	-6.768876e-003	6.834950e-002
8.576908289077682e-011	-8.473703e-003	8.576908e-002
1.067294828038676e-010	-1.051414e-002	1.067295e-001
1.338394142233710e-010	-1.313575e-002	1.338394e-001
1.669117114924253e-010	-1.630750e-002	1.669117e-001
2.090415259864301e-010	-2.030614e-002	2.090415e-001
2.609872456051993e-010	-2.517286e-002	2.609873e-001
3.267782246976671e-010	-3.123737e-002	3.267782e-001
4.085639171476413e-010	-3.862441e-002	4.085639e-001
5.119649913064797e-010	-4.772847e-002	5.119650e-001
6.414054493121166e-010	-5.876572e-002	6.414055e-001
8.053296464797152e-010	-7.220119e-002	8.053296e-001
1.000000000000000e-009	-8.763825e-002	1.000000e+000
1.058401106056086e-009	-8.050860e-002	9.415989e-001
1.136269247464200e-009	-7.120687e-002	8.637307e-001
1.292005530280427e-009	-5.331058e-002	7.079945e-001
1.603478095912883e-009	-1.898295e-002	3.965219e-001
1.677646515704756e-009	-1.118193e-002	3.223535e-001
1.825983355288501e-009	3.681788e-003	1.740166e-001
2.000000000000000e-009	2.065616e-002	0.000000e+000
2.156614980240349e-009	1.979285e-002	0.000000e+000
2.313229960480699e-009	1.896704e-002	0.000000e+000
2.469844940721048e-009	1.817872e-002	0.000000e+000
2.626459920961397e-009	1.742790e-002	0.000000e+000
2.783074901201746e-009	1.671458e-002	0.000000e+000
2.939689881442095e-009	1.603876e-002	0.000000e+000
3.096304861682444e-009	1.540043e-002	0.000000e+000
4.210011387836038e-009	1.142460e-002	0.000000e+000
5.612070256275005e-009	7.641742e-003	0.000000e+000
6.979214386966212e-009	5.022045e-003	0.000000e+000
8.303507433578938e-009	3.265515e-003	0.000000e+000
9.704045589601395e-009	1.973910e-003	0.000000e+000
1.101509047759715e-008	1.123404e-003	0.000000e+000
1.216017473128779e-008	5.925555e-004	0.000000e+000
1.315778765701115e-008	2.487537e-004	0.000000e+000
1.393768578732823e-008	4.107243e-005	0.000000e+000
1.471767371693668e-008	-1.237310e-004	0.000000e+000
1.549381908415275e-008	-2.526871e-004	0.000000e+000
1.675882777479186e-008	-4.112198e-004	0.000000e+000
1.813620946095184e-008	-5.328220e-004	0.000000e+000
1.997857981903892e-008	-6.359859e-004	0.000000e+000
2.192563184374785e-008	-6.979533e-004	0.000000e+000
2.444680788864387e-008	-7.347709e-004	0.000000e+000
2.723918871737844e-008	-7.458805e-004	0.000000e+000
3.093016314684150e-008	-7.378314e-004	0.000000e+000
3.534522288931780e-008	-7.157076e-004	0.000000e+000
5.028631587864977e-008	-6.271579e-004	0.000000e+000
6.524663220452230e-008	-5.489744e-004	0.000000e+000
9.516726485626738e-008	-4.212968e-004	0.000000e+000
1.350825860433568e-007	-2.922589e-004	0.000000e+000
1.757574560465123e-007	-1.997190e-004	0.000000e+000
2.193685970411031e-007	-1.323342e-004	0.000000e+000
2.594132730825699e-007	-9.047841e-005	0.000000e+000
3.012215031547444e-007	-6.101618e-005	0.000000e+000
3.413699158942848e-007	-4.175954e-005	0.000000e+000
3.831689328864019e-007	-2.816843e-005	0.000000e+000
4.236749541659445e-007	-1.921161e-005	0.000000e+000
4.652646040125726e-007	-1.298032e-005	0.000000e+000
5.058908382468831e-007	-8.844087e-006	0.000000e+000
5.473341497257845e-007	-5.983402e-006	0.000000e+000
5.880786210559514e-007	-4.072651e-006	0.000000e+000
6.294293729706933e-007	-2.757506e-006	0.000000e+000
6.702536603897473e-007	-1.875618e-006	0.000000e+000
7.115349710456838e-007	-1.270725e-006	0.000000e+000
7.524367118283000e-007	-8.637342e-007	0.000000e+000
7.936589969610713e-007	-5.854699e-007	0.000000e+000
8.346077322014332e-007	-3.977932e-007	0.000000e+000
8.757876095734708e-007	-2.697382e-007	0.000000e+000
9.167716014587360e-007	-1.832159e-007	0.000000e+000
9.579220796717570e-007	-1.242678e-007	0.000000e+000
9.989309778975944e-007	-8.438897e-008	0.000000e+000
1.040060336651798e-006	-5.724799e-008	0.000000e+000
1.081086908097061e-006	-3.887060e-008	0.000000e+000
1.122201314172955e-006	-2.637254e-008	0.000000e+000
1.163240465470819e-006	-1.790464e-008	0.000000e+000
1.204344258772342e-006	-1.214888e-008	0.000000e+000
1.245392331166195e-006	-8.247389e-009	0.000000e+000
1.286488600244172e-006	-5.610588e-009	0.000000e+000
1.330951389139059e-006	-3.721030e-009	0.000000e+000
1.382859947232109e-006	-2.311195e-009	0.000000e+000
1.442339403391056e-006	-1.339176e-009	0.000000e+000
1.512680684151610e-006	-7.038590e-010	0.000000e+000
1.596026081784790e-006	-3.279350e-010	0.000000e+000
1.896026081784790e-006	-1.684908e-011	0.000000e+000
9.999999999999999e-006	0.000000e+000	0.000000e+000
1.000000220000000e-005	-2.197666e-004	2.200000e-003
1.000000660000000e-005	-6.590535e-004	6.600000e-003
1.000001051085256e-005	-1.049132e-003	1.051085e-002
1.000001491656230e-005	-1.487930e-003	1.491656e-002
1.000002372798177e-005	-2.363781e-003	2.372798e-002
1.000003614091007e-005	-3.594259e-003	3.614091e-002
1.000005096595531e-005	-5.058936e-003	5.096595e-002
1.000006455479667e-005	-6.396311e-003	6.455480e-002
1.000008089908172e-005	-7.997872e-003	8.089908e-002
1.000010078499837e-005	-9.936615e-003	1.007850e-001
1.000012622492312e-005	-1.240134e-002	1.262249e-001
1.000015756250190e-005	-1.541376e-002	1.575625e-001
1.000019719357854e-005	-1.918627e-002	1.971936e-001
1.000024631634491e-005	-2.380538e-002	2.463163e-001
1.000030824925777e-005	-2.954047e-002	3.082493e-001
1.000038546495009e-005	-3.655488e-002	3.854649e-001
1.000048279858357e-005	-4.518665e-002	4.827986e-001
1.000060481474025e-005	-5.568540e-002	6.048148e-001
1.000075899716908e-005	-6.858107e-002	7.589971e-001
1.000080545398130e-005	-7.235933e-002	8.054540e-001
1.000089836760572e-005	-7.971674e-002	8.983676e-001
1.000100000000000e-005	-8.763497e-002	1.000000e+000
1.000107114267600e-005	-7.895570e-002	9.288573e-001
1.000115244859142e-005	-6.928457e-002	8.475514e-001
1.000131506042226e-005	-5.070873e-002	6.849396e-001
1.000164028408395e-005	-1.504374e-002	3.597159e-001
1.000167554924665e-005	-1.132983e-002	3.244508e-001
1.000174607957205e-005	-4.175587e-003	2.539204e-001
1.000185893934920e-005	6.999213e-003	1.410607e-001
1.000200000000000e-005	2.066246e-002	6.968870e-013
1.000225592432360e-005	1.928578e-002	2.626164e-013
1.000251184864720e-005	1.799380e-002	-6.008248e-014
1.000276777297080e-005	1.678652e-002	-2.712095e-013
1.000302369729440e-005	1.566395e-002	-3.707648e-013
1.000327962161801e-005	1.462607e-002	-3.587483e-013
1.000353554594161e-005	1.367291e-002	-2.351601e-013
1.000379147026521e-005	1.280444e-002	0.000000e+000
1.000518508855785e-005	8.681434e-003	0.000000e+000
1.000659968750017e-005	5.661042e-003	0.000000e+000
1.000792603817887e-005	3.706604e-003	0.000000e+000
1.000934243656370e-005	2.263515e-003	0.000000e+000
1.001065520428609e-005	1.324849e-003	0.000000e+000
1.001182711078856e-005	7.293976e-004	0.000000e+000
1.001287708217699e-005	3.364821e-004	0.000000e+000
1.001373717011438e-005	8.911183e-005	0.000000e+000
1.001441225809904e-005	-6.582118e-005	0.000000e+000
1.001504640011139e-005	-1.823931e-004	0.000000e+000
1.001616400101592e-005	-3.429778e-004	0.000000e+000
1.001742781002511e-005	-4.760456e-004	0.000000e+000
1.001913721195331e-005	-5.955884e-004	0.000000e+000
1.002094557146028e-005	-6.718057e-004	0.000000e+000
1.002327195239709e-005	-7.220036e-004	0.000000e+000
1.002583460970467e-005	-7.432246e-004	0.000000e+000
1.002917606007447e-005	-7.436788e-004	0.000000e+000
1.003309276664573e-005	-7.280706e-004	0.000000e+000
1.004574498931428e-005	-6.535884e-004	0.000000e+000
1.005739096256002e-005	-5.883613e-004	0.000000e+000
1.007759571762134e-005	-4.927020e-004	0.000000e+000
1.011800522774396e-005	-3.445510e-004	0.000000e+000
1.016355802063042e-005	-2.248766e-004	0.000000e+000
1.020680716551614e-005	-1.486887e-004	0.000000e+000
1.024714424729056e-005	-1.013359e-004	0.000000e+000
1.028777450635733e-005	-6.910523e-005	0.000000e+000
1.032860162239426e-005	-4.704145e-005	0.000000e+000
1.036991349524120e-005	-3.186438e-005	0.000000e+000
1.041094589581462e-005	-2.163041e-005	0.000000e+000
1.045208814203179e-005	-1.467113e-005	0.000000e+000
1.049307831343574e-005	-9.964736e-006	0.000000e+000
1.053419175571534e-005	-6.761089e-006	0.000000e+000
1.057522845415888e-005	-4.590277e-006	0.000000e+000
1.061632516602819e-005	-3.114874e-006	0.000000e+000
1.065737832447455e-005	-2.114453e-006	0.000000e+000
1.069845616790452e-005	-1.435068e-006	0.000000e+000
1.073952298999052e-005	-9.740583e-007	0.000000e+000
1.078060424521369e-005	-6.610587e-007	0.000000e+000
1.082167383068936e-005	-4.486816e-007	0.000000e+000
1.086275108939211e-005	-3.045150e-007	0.000000e+000
1.090382214515631e-005	-2.066819e-007	0.000000e+000
1.094489789836324e-005	-1.402745e-007	0.000000e+000
1.098597060376820e-005	-9.520640e-008	0.000000e+000
1.102704514217049e-005	-6.461702e-008	0.000000e+000
1.106811885779504e-005	-4.385615e-008	0.000000e+000
1.110919248056685e-005	-2.976561e-008	0.000000e+000
1.115026696688761e-005	-2.020205e-008	0.000000e+000
1.119133993751827e-005	-1.371141e-008	0.000000e+000
1.123241499054639e-005	-9.305950e-009	0.000000e+000
1.127348747224692e-005	-6.319892e-009	0.000000e+000
1.131536686544034e-005	-4.286450e-009	0.000000e+000
1.136570424040867e-005	-2.701797e-009	0.000000e+000
1.142173281603594e-005	-1.614633e-009	0.000000e+000
1.148931301372464e-005	-8.703397e-010	0.000000e+000
1.156694635780772e-005	-4.279521e-010	0.000000e+000
1.176454784095936e-005	-6.339549e-011	0.000000e+000
1.246454784095936e-005	-5.395325e-014	0.000000e+000
2.000000000000000e-005	0.000000e+000	0.000000e+000
2.000000214685826e-005	-2.144622e-004	2.146858e-003
2.000000644057480e-005	-6.431520e-004	6.440575e-003
2.000001025681207e-005	-1.023811e-003	1.025681e-002
2.000001466242614e-005	-1.462628e-003	1.466243e-002
2.000002347365427e-005	-2.338520e-003	2.347365e-002
2.000003587890320e-005	-3.568322e-003	3.587890e-002
2.000005070913834e-005	-5.033614e-003	5.070914e-002
2.000006429318712e-005	-6.370620e-003	6.429319e-002
2.000008054473585e-005	-7.963233e-003	8.054473e-002
2.000010036466939e-005	-9.895748e-003	1.003647e-001
2.000012567340625e-005	-1.234809e-002	1.256734e-001
2.000015689688006e-005	-1.535005e-002	1.568969e-001
2.000019633772538e-005	-1.910524e-002	1.963377e-001
2.000024526745884e-005	-2.370741e-002	2.452675e-001
2.000030691335454e-005	-2.941780e-002	3.069133e-001
2.000038381010992e-005	-3.640611e-002	3.838101e-001
2.000048069905649e-005	-4.500290e-002	4.806991e-001
2.000060219134623e-005	-5.546337e-002	6.021913e-001
2.000075566685017e-005	-6.830615e-002	7.556669e-001
2.000080632190001e-005	-7.242476e-002	8.063219e-001
2.000090763199970e-005	-8.044343e-002	9.076320e-001
2.000100000000000e-005	-8.763493e-002	1.000000e+000
2.000106465760021e-005	-7.973758e-002	9.353424e-001
2.000113855200045e-005	-7.091756e-002	8.614480e-001
2.000128634080092e-005	-5.391508e-002	7.136592e-001
2.000158191840188e-005	-2.128010e-002	4.180816e-001
2.000167446470749e-005	-1.151962e-002	3.255353e-001
2.000181490738879e-005	2.587720e-003	1.850926e-001
2.000200000000000e-005	2.066008e-002	0.000000e+000
2.000216658335009e-005	1.974369e-002	0.000000e+000
2.000233316670017e-005	1.886920e-002	0.000000e+000
2.000249975005026e-005	1.803664e-002	0.000000e+000
2.000266633340035e-005	1.724599e-002	0.000000e+000
2.000283291675043e-005	1.649725e-002	0.000000e+000
2.000299950010052e-005	1.579044e-002	0.000000e+000
2.000316608345060e-005	1.512553e-002	0.000000e+000
2.000435067616233e-005	1.099857e-002	0.000000e+000
2.000576966642735e-005	7.292247e-003	0.000000e+000
2.000712631055972e-005	4.809196e-003	0.000000e+000
2.000859370086339e-005	2.962822e-003	0.000000e+000
2.000991504488585e-005	1.812580e-003	0.000000e+000
2.001125957412776e-005	1.000935e-003	0.000000e+000
2.001247493706508e-005	4.752794e-004	0.000000e+000
2.001342369572145e-005	1.700270e-004	0.000000e+000
2.001409606243282e-005	2.789334e-006	0.000000e+000
2.001494181057402e-005	-1.643664e-004	0.000000e+000
2.001580960313025e-005	-2.982053e-004	0.000000e+000
2.001718051224038e-005	-4.539198e-004	0.000000e+000
2.001862736423195e-005	-5.665413e-004	0.000000e+000
2.002056819109626e-005	-6.591302e-004	0.000000e+000
2.002260746641873e-005	-7.119440e-004	0.000000e+000
2.002527828129338e-005	-7.405985e-004	0.000000e+000
2.002823407772940e-005	-7.456113e-004	0.000000e+000
2.003220042420315e-005	-7.323882e-004	0.000000e+000
2.005386376367204e-005	-6.073334e-004	0.000000e+000
2.007203645789219e-005	-5.174411e-004	0.000000e+000
2.010838184633250e-005	-3.748097e-004	0.000000e+000
2.015041498364564e-005	-2.532346e-004	0.000000e+000
2.019047409984155e-005	-1.735220e-004	0.000000e+000
2.023312370254463e-005	-1.160945e-004	0.000000e+000
2.027318203693586e-005	-7.945378e-005	0.000000e+000
2.031506727329859e-005	-5.354852e-005	0.000000e+000
2.035536808761932e-005	-3.659145e-005	0.000000e+000
2.039708776666437e-005	-2.469707e-005	0.000000e+000
2.043762811404703e-005	-1.683947e-005	0.000000e+000
2.047916435285962e-005	-1.138323e-005	0.000000e+000
2.051983768724052e-005	-7.752769e-006	0.000000e+000
2.056124693896347e-005	-5.246604e-006	0.000000e+000
2.060202488822185e-005	-3.570088e-006	0.000000e+000
2.064334706902799e-005	-2.417833e-006	0.000000e+000
2.068419786908641e-005	-1.644196e-006	0.000000e+000
2.072545730925591e-005	-1.114147e-006	0.000000e+000
2.076637706373037e-005	-7.571875e-007	0.000000e+000
2.080758360423198e-005	-5.133189e-007	0.000000e+000
2.084854559659402e-005	-3.487308e-007	0.000000e+000
2.088971419142023e-005	-2.364927e-007	0.000000e+000
2.093070778023876e-005	-1.606211e-007	0.000000e+000
2.097185001967327e-005	-1.089504e-007	0.000000e+000
2.101286593431556e-005	-7.398260e-008	0.000000e+000
2.105398925001848e-005	-5.019112e-008	0.000000e+000
2.109502101113372e-005	-3.407755e-008	0.000000e+000
2.113613092385319e-005	-2.312150e-008	0.000000e+000
2.117717396491202e-005	-1.569694e-008	0.000000e+000
2.121827436209554e-005	-1.065120e-008	0.000000e+000
2.125932540484483e-005	-7.230486e-009	0.000000e+000
2.130041905328421e-005	-4.929613e-009	0.000000e+000
2.134790838565093e-005	-3.185168e-009	0.000000e+000
2.140156193509849e-005	-1.945997e-009	0.000000e+000
2.146510614474575e-005	-1.087444e-009	0.000000e+000
2.153859194033863e-005	-5.552033e-010	0.000000e+000
2.172881143155418e-005	-9.134216e-011	0.000000e+000
3.000000000000000e-005	0.000000e+000	0.000000e+000
3.000000220000000e-005	-2.197666e-004	2.200000e-003
3.000000660000000e-005	-6.590535e-004	6.600000e-003
3.000001051085257e-005	-1.049132e-003	1.051085e-002
3.000001491656230e-005	-1.487930e-003	1.491656e-002
3.000002372798178e-005	-2.363781e-003	2.372798e-002
3.000003614091008e-005	-3.594259e-003	3.614091e-002
3.000005096595532e-005	-5.058936e-003	5.096595e-002
3.000006455479668e-005	-6.396311e-003	6.455480e-002
3.000008089908173e-005	-7.997872e-003	8.089908e-002
3.000010078499838e-005	-9.936615e-003	1.007850e-001
3.000012622492314e-005	-1.240134e-002	1.262249e-001
3.000015756250192e-005	-1.541376e-002	1.575625e-001
3.000019719357857e-005	-1.918627e-002	1.971936e-001
3.000024631634495e-005	-2.380538e-002	2.463163e-001
3.000030824925782e-005	-2.954047e-002	3.082493e-001
3.000038546495016e-005	-3.655488e-002	3.854649e-001
3.000048279858364e-005	-4.518665e-002	4.827986e-001
3.000060481474035e-005	-5.568540e-002	6.048148e-001
3.000075899716921e-005	-6.858107e-002	7.589971e-001
3.000080545398126e-005	-7.235933e-002	8.054540e-001
3.000089836760535e-005	-7.971674e-002	8.983676e-001
3.000100000000000e-005	-8.763497e-002	1.000000e+000
3.000107114267625e-005	-7.895570e-002	9.288573e-001
3.000115244859197e-005	-6.928457e-002	8.475514e-001
3.000131506042340e-005	-5.070873e-002	6.849396e-001
3.000164028408627e-005	-1.504374e-002	3.597159e-001
3.000167554924668e-005	-1.132983e-002	3.244508e-001
3.000174607956751e-005	-4.175587e-003	2.539204e-001
3.000185893935834e-005	6.999214e-003	1.410606e-001
3.000200000000000e-005	2.066246e-002	0.000000e+000
3.000225592430700e-005	1.928578e-002	0.000000e+000
3.000251184861401e-005	1.799380e-002	0.000000e+000
3.000276777292101e-005	1.678652e-002	0.000000e+000
3.000302369722802e-005	1.566395e-002	0.000000e+000
3.000327962153502e-005	1.462607e-002	0.000000e+000
3.000353554584203e-005	1.367291e-002	0.000000e+000
3.000379147014903e-005	1.280444e-002	0.000000e+000
3.000518508848873e-005	8.681434e-003	0.000000e+000
3.000659968746186e-005	5.661042e-003	0.000000e+000
3.000792603813384e-005	3.706604e-003	0.000000e+000
3.000934243651564e-005	2.263515e-003	0.000000e+000
3.001065520423542e-005	1.324849e-003	0.000000e+000
3.001182711074091e-005	7.293976e-004	0.000000e+000
3.001287708213598e-005	3.364822e-004	0.000000e+000
3.001373717008329e-005	8.911184e-005	0.000000e+000
3.001441225805268e-005	-6.582116e-005	0.000000e+000
3.001504640009874e-005	-1.823930e-004	0.000000e+000
3.001616400095526e-005	-3.429778e-004	0.000000e+000
3.001742780998596e-005	-4.760456e-004	0.000000e+000
3.001913721186185e-005	-5.955884e-004	0.000000e+000
3.002094557139347e-005	-6.718057e-004	0.000000e+000
3.002327195227310e-005	-7.220036e-004	0.000000e+000
3.002583460960151e-005	-7.432246e-004	0.000000e+000
3.002917605989410e-005	-7.436788e-004	0.000000e+000
3.003309276647376e-005	-7.280706e-004	0.000000e+000
3.004574498896893e-005	-6.535884e-004	0.000000e+000
3.005739096183471e-005	-5.883613e-004	0.000000e+000
3.007759571644949e-005	-4.927020e-004	0.000000e+000
3.011800522567904e-005	-3.445510e-004	0.000000e+000
3.016355801910262e-005	-2.248767e-004	0.000000e+000
3.020680716373964e-005	-1.486887e-004	0.000000e+000
3.024714424583083e-005	-1.013359e-004	0.000000e+000
3.028777450462051e-005	-6.910523e-005	0.000000e+000
3.032860162086068e-005	-4.704145e-005	0.000000e+000
3.036991349352399e-005	-3.186438e-005	0.000000e+000
3.041094589425494e-005	-2.163041e-005	0.000000e+000
3.045208814034103e-005	-1.467113e-005	0.000000e+000
3.049307831185509e-005	-9.964736e-006	0.000000e+000
3.053419175403942e-005	-6.761089e-006	0.000000e+000
3.057522845256251e-005	-4.590277e-006	0.000000e+000
3.061632516436332e-005	-3.114874e-006	0.000000e+000
3.065737832286719e-005	-2.114453e-006	0.000000e+000
3.069845616624724e-005	-1.435068e-006	0.000000e+000
3.073952298837498e-005	-9.740583e-007	0.000000e+000
3.078060424356307e-005	-6.610587e-007	0.000000e+000
3.082167382906851e-005	-4.486816e-007	0.000000e+000
3.086275108774611e-005	-3.045150e-007	0.000000e+000
3.090382214353154e-005	-2.066819e-007	0.000000e+000
3.094489789672050e-005	-1.402745e-007	0.000000e+000
3.098597060214066e-005	-9.520640e-008	0.000000e+000
3.102704514053008e-005	-6.461702e-008	0.000000e+000
3.106811885616553e-005	-4.385615e-008	0.000000e+000
3.110919247892810e-005	-2.976561e-008	0.000000e+000
3.115026696525669e-005	-2.020205e-008	0.000000e+000
3.119133993588070e-005	-1.371141e-008	0.000000e+000
3.123241498891448e-005	-9.305950e-009	0.000000e+000
3.127348747061019e-005	-6.319892e-009	0.000000e+000
3.131536686348576e-005	-4.286450e-009	0.000000e+000
3.136570423825584e-005	-2.701797e-009	0.000000e+000
3.142173281345923e-005	-1.614633e-009	0.000000e+000
3.148931301080388e-005	-8.703397e-010	0.000000e+000
3.156694635419208e-005	-4.279521e-010	0.000000e+000
3.176454783658372e-005	-6.339550e-011	0.000000e+000
4.000000000000000e-005	0.000000e+000	0.000000e+000
4.000000189797025e-005	-1.896163e-004	1.897970e-003
4.000000569391076e-005	-5.686608e-004	5.693911e-003
4.000000925139555e-005	-9.235840e-004	9.251395e-003
4.000001358448438e-005	-1.355295e-003	1.358448e-002
4.000002225066206e-005	-2.217037e-003	2.225066e-002
4.000003455238942e-005	-3.436981e-003	3.455239e-002
4.000004942702107e-005	-4.907169e-003	4.942702e-002
4.000006297901829e-005	-6.241532e-003	6.297902e-002
4.000007878349430e-005	-7.791007e-003	7.878350e-002
4.000009826248218e-005	-9.691294e-003	9.826248e-002
4.000012293011932e-005	-1.208312e-002	1.229301e-001
4.000015357353517e-005	-1.503177e-002	1.535735e-001
4.000019207833566e-005	-1.870169e-002	1.920783e-001
4.000024003571098e-005	-2.321830e-002	2.400357e-001
4.000030026285464e-005	-2.880643e-002	3.002629e-001
4.000037556118036e-005	-3.566355e-002	3.755612e-001
4.000047024608061e-005	-4.408645e-002	4.702461e-001
4.000058912110433e-005	-5.435476e-002	5.891211e-001
4.000073908813002e-005	-6.693439e-002	7.390881e-001
4.000081064838932e-005	-7.278213e-002	8.106484e-001
4.000085687948139e-005	-7.647938e-002	8.568795e-001
4.000090753781586e-005	-8.046035e-002	9.075378e-001
4.000100000000000e-005	-8.763445e-002	1.000000e+000
4.000106472352890e-005	-7.972915e-002	9.352764e-001
4.000113869327620e-005	-7.090046e-002	8.613067e-001
4.000128663277082e-005	-5.388188e-002	7.133672e-001
4.000158251176006e-005	-2.121597e-002	4.174882e-001
4.000167449618734e-005	-1.151606e-002	3.255038e-001
4.000181603114545e-005	2.699280e-003	1.839689e-001
4.000199999999999e-005	2.066047e-002	2.390976e-012
4.000216557196909e-005	1.974941e-002	9.421210e-013
4.000233114393819e-005	1.887982e-002	-1.376386e-013
4.000249671590729e-005	1.805168e-002	-8.483024e-013
4.000266228787639e-005	1.726500e-002	-1.189870e-012
4.000282785984549e-005	1.651979e-002	-1.162343e-012
4.000299343181459e-005	1.581604e-002	-7.657193e-013
4.000315900378369e-005	1.515374e-002	0.000000e+000
4.000433640445284e-005	1.104147e-002	0.000000e+000
4.000575338061606e-005	7.327939e-003	0.000000e+000
4.000711099190900e-005	4.816321e-003	0.000000e+000
4.000843268865430e-005	3.124411e-003	0.000000e+000
4.000982642105139e-005	1.882048e-003	0.000000e+000
4.001113570593857e-005	1.060095e-003	0.000000e+000
4.001227054530477e-005	5.498091e-004	0.000000e+000
4.001324875192436e-005	2.216299e-004	0.000000e+000
4.001399818110006e-005	2.687737e-005	0.000000e+000
4.001481073319180e-005	-1.405356e-004	0.000000e+000
4.001562504924932e-005	-2.718612e-004	0.000000e+000
4.001693194584326e-005	-4.292206e-004	0.000000e+000
4.001833836741697e-005	-5.471924e-004	0.000000e+000
4.002022041960627e-005	-6.459645e-004	0.000000e+000
4.002220572936702e-005	-7.041198e-004	0.000000e+000
4.002478656718133e-005	-7.374993e-004	0.000000e+000
4.002764538192343e-005	-7.460288e-004	0.000000e+000
4.003144544433265e-005	-7.358006e-004	0.000000e+000
4.003601216712107e-005	-7.119781e-004	0.000000e+000
4.005170369964521e-005	-6.192691e-004	0.000000e+000
4.006786467284210e-005	-5.365774e-004	0.000000e+000
4.010018661923587e-005	-4.030180e-004	0.000000e+000
4.014094772018957e-005	-2.767318e-004	0.000000e+000
4.018140455342398e-005	-1.892667e-004	0.000000e+000
4.022465000797808e-005	-1.258681e-004	0.000000e+000
4.026468918855367e-005	-8.609874e-005	0.000000e+000
4.030652942257507e-005	-5.804808e-005	0.000000e+000
4.034673127868773e-005	-3.970627e-005	0.000000e+000
4.038850492264725e-005	-2.678831e-005	0.000000e+000
4.042901815814249e-005	-1.826940e-005	0.000000e+000
4.047059178770554e-005	-1.234557e-005	0.000000e+000
4.051122975422262e-005	-8.410779e-006	0.000000e+000
4.055266480521480e-005	-5.690643e-006	0.000000e+000
4.059341559899699e-005	-3.873172e-006	0.000000e+000
4.063476036385392e-005	-2.622578e-006	0.000000e+000
4.067558803480569e-005	-1.783792e-006	0.000000e+000
4.071686609577909e-005	-1.208549e-006	0.000000e+000
4.075777075613824e-005	-8.214508e-007	0.000000e+000
4.079899077038403e-005	-5.568195e-007	0.000000e+000
4.083994137272886e-005	-3.783207e-007	0.000000e+000
4.088111966108687e-005	-2.565377e-007	0.000000e+000
4.092210493428176e-005	-1.742478e-007	0.000000e+000
4.096325437012636e-005	-1.181861e-007	0.000000e+000
4.100426411085459e-005	-8.025840e-008	0.000000e+000
4.104539279665287e-005	-5.444620e-008	0.000000e+000
4.108641989344653e-005	-3.696805e-008	0.000000e+000
4.112753389535605e-005	-2.508181e-008	0.000000e+000
4.116857334612615e-005	-1.702830e-008	0.000000e+000
4.120967692814331e-005	-1.155428e-008	0.000000e+000
4.125072513652588e-005	-7.843727e-009	0.000000e+000
4.129182133347218e-005	-5.340353e-009	0.000000e+000
4.133741388347713e-005	-3.507399e-009	0.000000e+000
4.138998065026513e-005	-2.165039e-009	0.000000e+000
4.145097403310590e-005	-1.237650e-009	0.000000e+000
4.152249356408093e-005	-6.434835e-010	0.000000e+000
4.160837899574103e-005	-2.923418e-010	0.000000e+000
4.190837899574104e-005	-1.489325e-011	0.000000e+000
4.290837899574106e-005	-6.246734e-016	0.000000e+000
5.000000000000000e-005	0.000000e+000	0.000000e+000
5.000000220000000e-005	-2.197666e-004	2.200000e-003
5.000000660000000e-005	-6.590535e-004	6.600000e-003
5.000001051085255e-005	-1.049132e-003	1.051085e-002
5.000001491656229e-005	-1.487930e-003	1.491656e-002
5.000002372798176e-005	-2.363781e-003	2.372798e-002
5.000003614091006e-005	-3.594259e-003	3.614091e-002
5.000005096595530e-005	-5.058936e-003	5.096595e-002
5.000006455479666e-005	-6.396311e-003	6.455480e-002
5.000008089908171e-005	-7.997872e-003	8.089908e-002
5.000010078499836e-005	-9.936615e-003	1.007850e-001
5.000012622492310e-005	-1.240134e-002	1.262249e-001
5.000015756250188e-005	-1.541376e-002	1.575625e-001
5.000019719357852e-005	-1.918627e-002	1.971936e-001
5.000024631634488e-005	-2.380538e-002	2.463163e-001
5.000030824925773e-005	-2.954047e-002	3.082493e-001
5.000038546495006e-005	-3.655488e-002	3.854649e-001
5.000048279858352e-005	-4.518665e-002	4.827986e-001
5.000060481474020e-005	-5.568540e-002	6.048148e-001
5.000075899716902e-005	-6.858107e-002	7.589971e-001
5.000080545398131e-005	-7.235933e-002	8.054540e-001
5.000089836760588e-005	-7.971674e-002	8.983676e-001
5.000100000000000e-005	-8.763497e-002	1.000000e+000
5.000107114267588e-005	-7.895570e-002	9.288573e-001
5.000115244859117e-005	-6.928457e-002	8.475514e-001
5.000131506042176e-005	-5.070873e-002	6.849396e-001
5.000164028408293e-005	-1.504374e-002	3.597159e-001
5.000167554924664e-005	-1.132983e-002	3.244508e-001
5.000174607957406e-005	-4.175586e-003	2.539204e-001
5.000185893934517e-005	6.999212e-003	1.410607e-001
5.000199999999999e-005	2.066246e-002	2.390976e-012
5.000225592433090e-005	1.928578e-002	9.010205e-013
5.000251184866180e-005	1.799380e-002	-2.061393e-013
5.000276777299270e-005	1.678652e-002	-9.305033e-013
5.000302369732361e-005	1.566395e-002	-1.272071e-012
5.000327962165451e-005	1.462607e-002	-1.230843e-012
5.000353554598542e-005	1.367290e-002	-8.068197e-013
5.000379147031632e-005	1.280444e-002	0.000000e+000
5.000518508858827e-005	8.681434e-003	0.000000e+000
5.000659968751703e-005	5.661042e-003	0.000000e+000
5.000792603819868e-005	3.706604e-003	0.000000e+000
5.000934243658485e-005	2.263515e-003	0.000000e+000
5.001065520430839e-005	1.324849e-003	0.000000e+000
5.001182711080953e-005	7.293976e-004	0.000000e+000
5.001287708219503e-005	3.364821e-004	0.000000e+000
5.001373717012807e-005	8.911183e-005	0.000000e+000
5.001441225811945e-005	-6.582118e-005	0.000000e+000
5.001504640011695e-005	-1.823931e-004	0.000000e+000
5.001616400104261e-005	-3.429778e-004	0.000000e+000
5.001742781004233e-005	-4.760456e-004	0.000000e+000
5.001913721199355e-005	-5.955884e-004	0.000000e+000
5.002094557148967e-005	-6.718057e-004	0.000000e+000
5.002327195245165e-005	-7.220036e-004	0.000000e+000
5.002583460975006e-005	-7.432246e-004	0.000000e+000
5.002917606015383e-005	-7.436788e-004	0.000000e+000
5.003309276672140e-005	-7.280706e-004	0.000000e+000
5.004574498946624e-005	-6.535884e-004	0.000000e+000
5.005739096287918e-005	-5.883613e-004	0.000000e+000
5.007759571813698e-005	-4.927020e-004	0.000000e+000
5.011800522865259e-005	-3.445510e-004	0.000000e+000
5.016355802130270e-005	-2.248766e-004	0.000000e+000
5.020680716629786e-005	-1.486887e-004	0.000000e+000
5.024714424793289e-005	-1.013359e-004	0.000000e+000
5.028777450712159e-005	-6.910523e-005	0.000000e+000
5.032860162306909e-005	-4.704145e-005	0.000000e+000
5.036991349599682e-005	-3.186438e-005	0.000000e+000
5.041094589650092e-005	-2.163041e-005	0.000000e+000
5.045208814277576e-005	-1.467113e-005	0.000000e+000
5.049307831413128e-005	-9.964736e-006	0.000000e+000
5.053419175645279e-005	-6.761089e-006	0.000000e+000
5.057522845486132e-005	-4.590277e-006	0.000000e+000
5.061632516676077e-005	-3.114874e-006	0.000000e+000
5.065737832518184e-005	-2.114453e-006	0.000000e+000
5.069845616863377e-005	-1.435068e-006	0.000000e+000
5.073952299070140e-005	-9.740583e-007	0.000000e+000
5.078060424594001e-005	-6.610587e-007	0.000000e+000
5.082167383140257e-005	-4.486816e-007	0.000000e+000
5.086275109011639e-005	-3.045150e-007	0.000000e+000
5.090382214587125e-005	-2.066819e-007	0.000000e+000
5.094489789908608e-005	-1.402745e-007	0.000000e+000
5.098597060448436e-005	-9.520640e-008	0.000000e+000
5.102704514289230e-005	-6.461702e-008	0.000000e+000
5.106811885851206e-005	-4.385615e-008	0.000000e+000
5.110919248128794e-005	-2.976561e-008	0.000000e+000
5.115026696760525e-005	-2.020205e-008	0.000000e+000
5.119133993823883e-005	-1.371141e-008	0.000000e+000
5.123241499126446e-005	-9.305949e-009	0.000000e+000
5.127348747296711e-005	-6.319892e-009	0.000000e+000
5.131536686630030e-005	-4.286450e-009	0.000000e+000
5.136570424135579e-005	-2.701797e-009	0.000000e+000
5.142173281716945e-005	-1.614633e-009	0.000000e+000
5.148931301500943e-005	-8.703397e-010	0.000000e+000
5.156694635939807e-005	-4.279521e-010	0.000000e+000
5.176454784288389e-005	-6.339549e-011	0.000000e+000
6.000000000000000e-005	0.000000e+000	0.000000e+000
6.000000225122190e-005	-2.248792e-004	2.251222e-003
6.000000675366569e-005	-6.743798e-004	6.753666e-003
6.000001075572231e-005	-1.073536e-003	1.075572e-002
6.000001516152427e-005	-1.512318e-003	1.516152e-002
6.000002397312818e-005	-2.388128e-003	2.397313e-002
6.000003639337400e-005	-3.619250e-003	3.639337e-002
6.000005121348514e-005	-5.083340e-003	5.121348e-002
6.000006480689457e-005	-6.421067e-003	6.480689e-002
6.000008124077309e-005	-8.031271e-003	8.124077e-002
6.000010119022085e-005	-9.976007e-003	1.011902e-001
6.000012675683625e-005	-1.245269e-002	1.267568e-001
6.000015820435940e-005	-1.547519e-002	1.582044e-001
6.000019801905674e-005	-1.926441e-002	1.980191e-001
6.000024732790544e-005	-2.389984e-002	2.473279e-001
6.000030953779733e-005	-2.965875e-002	3.095378e-001
6.000038706104515e-005	-3.669830e-002	3.870611e-001
6.000048482378192e-005	-4.536380e-002	4.848238e-001
6.000060734525333e-005	-5.589942e-002	6.073453e-001
6.000076220987748e-005	-6.884608e-002	7.622099e-001
6.000080461654414e-005	-7.229582e-002	8.046166e-001
6.000088942987746e-005	-7.901476e-002	8.894299e-001
6.000100000000000e-005	-8.763506e-002	1.000000e+000
6.000107739908577e-005	-7.820316e-002	9.226009e-001
6.000116585518380e-005	-6.771655e-002	8.341448e-001
6.000134276737986e-005	-4.762575e-002	6.572326e-001
6.000168183954399e-005	-1.141544e-002	3.181604e-001
6.000199999999999e-005	2.068165e-002	2.390976e-012
6.000228634441040e-005	1.915521e-002	9.421210e-013
6.000257268882081e-005	1.772896e-002	-1.376386e-013
6.000285903323122e-005	1.640291e-002	-8.483024e-013
6.000314537764162e-005	1.517704e-002	-1.189870e-012
6.000343172205203e-005	1.405136e-002	-1.162343e-012
6.000371806646244e-005	1.302587e-002	-7.657193e-013
6.000400441087285e-005	1.210057e-002	0.000000e+000
6.000540373004949e-005	8.143851e-003	0.000000e+000
6.000679226008499e-005	5.335002e-003	0.000000e+000
6.000811784290595e-005	3.481597e-003	0.000000e+000
6.000952594474930e-005	2.116266e-003	0.000000e+000
6.001083874441437e-005	1.221974e-003	0.000000e+000
6.001199812903066e-005	6.592372e-004	0.000000e+000
6.001302279144970e-005	2.913500e-004	0.000000e+000
6.001384456386716e-005	6.405953e-005	0.000000e+000
6.001457359953560e-005	-9.635052e-005	0.000000e+000
6.001527705385136e-005	-2.191127e-004	0.000000e+000
6.001647743757297e-005	-3.798674e-004	0.000000e+000
6.001779828935718e-005	-5.068669e-004	0.000000e+000
6.001958211011719e-005	-6.180571e-004	0.000000e+000
6.002145845815124e-005	-6.864927e-004	0.000000e+000
6.002389013329682e-005	-7.295230e-004	0.000000e+000
6.002656633240991e-005	-7.452157e-004	0.000000e+000
6.003009184186237e-005	-7.410189e-004	0.000000e+000
6.003425552419379e-005	-7.219168e-004	0.000000e+000
6.004804244944417e-005	-6.401372e-004	0.000000e+000
6.006129404878701e-005	-5.683574e-004	0.000000e+000
6.008589021018994e-005	-4.578108e-004	0.000000e+000
6.012721734579092e-005	-3.162329e-004	0.000000e+000
6.017251063324800e-005	-2.065320e-004	0.000000e+000
6.021498293854159e-005	-1.376243e-004	0.000000e+000
6.025549000687461e-005	-9.372295e-005	0.000000e+000
6.029606688343836e-005	-6.394221e-005	0.000000e+000
6.033707497324888e-005	-4.345244e-005	0.000000e+000
6.037827231957722e-005	-2.946035e-005	0.000000e+000
6.041937251457085e-005	-1.998744e-005	0.000000e+000
6.046045269578158e-005	-1.356409e-005	0.000000e+000
6.050149101278283e-005	-9.209138e-006	0.000000e+000
6.054257810521084e-005	-6.249707e-006	0.000000e+000
6.058363328154079e-005	-4.242460e-006	0.000000e+000
6.062472471523404e-005	-2.878935e-006	0.000000e+000
6.066577689573065e-005	-1.954337e-006	0.000000e+000
6.070686665361439e-005	-1.326248e-006	0.000000e+000
6.074792762496192e-005	-9.002356e-007	0.000000e+000
6.078901348952103e-005	-6.109333e-007	0.000000e+000
6.083007717101139e-005	-4.146820e-007	0.000000e+000
6.087115971857871e-005	-2.814270e-007	0.000000e+000
6.091222597387791e-005	-1.910195e-007	0.000000e+000
6.095330652857270e-005	-1.296390e-007	0.000000e+000
6.099437456924248e-005	-8.799150e-008	0.000000e+000
6.103545361977217e-005	-5.971788e-008	0.000000e+000
6.107652289490887e-005	-4.053264e-008	0.000000e+000
6.111760090152239e-005	-2.750885e-008	0.000000e+000
6.115867105433151e-005	-1.867109e-008	0.000000e+000
6.119974833024502e-005	-1.267184e-008	0.000000e+000
6.124081909292999e-005	-8.600720e-009	0.000000e+000
6.128189586029091e-005	-5.847995e-009	0.000000e+000
6.132545381302465e-005	-3.908987e-009	0.000000e+000
6.137679740962432e-005	-2.440810e-009	0.000000e+000
6.143506239587649e-005	-1.429736e-009	0.000000e+000
6.150441363126468e-005	-7.582946e-010	0.000000e+000
6.158572804259767e-005	-3.604948e-010	0.000000e+000
6.178572804259768e-005	-5.118194e-011	0.000000e+000
6.999999999999999e-005	0.000000e+000	0.000000e+000
7.000000130839777e-005	-1.307429e-004	1.308398e-003
7.000000392519334e-005	-3.921199e-004	3.925194e-003
7.000000748039031e-005	-7.469665e-004	7.480390e-003
7.000001137734906e-005	-1.135456e-003	1.137735e-002
7.000001917126657e-005	-1.910974e-003	1.917127e-002
7.000003184761479e-005	-3.169015e-003	3.184761e-002
7.000004625013115e-005	-4.593665e-003	4.625013e-002
7.000006023508045e-005	-5.971844e-003	6.023508e-002
7.000007463968661e-005	-7.385464e-003	7.463969e-002
7.000009375187969e-005	-9.252193e-003	9.375188e-002
7.000011662726447e-005	-1.147355e-002	1.166273e-001
7.000014634729158e-005	-1.433869e-002	1.463473e-001
7.000018242706303e-005	-1.778551e-002	1.824271e-001
7.000022856276960e-005	-2.214324e-002	2.285628e-001
7.000028531597328e-005	-2.742828e-002	2.853160e-001
7.000035738067660e-005	-3.402096e-002	3.573807e-001
7.000044687183898e-005	-4.202757e-002	4.468718e-001
7.000056023756720e-005	-5.189067e-002	5.602376e-001
7.000070214458571e-005	-6.385902e-002	7.021446e-001
7.000081994780393e-005	-7.343313e-002	8.199478e-001
7.000100000000000e-005	-8.763687e-002	1.000000e+000
7.000105401565882e-005	-8.103658e-002	9.459844e-001
7.000112603653724e-005	-7.241154e-002	8.739635e-001
7.000127007829409e-005	-5.576970e-002	7.299217e-001
7.000155816180780e-005	-2.385286e-002	4.418382e-001
7.000167657810591e-005	-1.128960e-002	3.234219e-001
7.000176316740377e-005	-2.448273e-003	2.368326e-001
7.000182682140429e-005	3.913766e-003	1.731786e-001
7.000187269199894e-005	8.426905e-003	1.273080e-001
7.000195878486843e-005	1.673443e-002	4.121513e-002
7.000200000000000e-005	2.065017e-002	0.000000e+000
7.000230087046045e-005	1.905109e-002	0.000000e+000
7.000260174092090e-005	1.756106e-002	0.000000e+000
7.000290261138135e-005	1.618009e-002	0.000000e+000
7.000320348184178e-005	1.490818e-002	0.000000e+000
7.000350435230223e-005	1.374532e-002	0.000000e+000
7.000380522276268e-005	1.269153e-002	0.000000e+000
7.000410609322313e-005	1.174679e-002	0.000000e+000
7.000550194362660e-005	7.895122e-003	0.000000e+000
7.000688025861625e-005	5.180717e-003	0.000000e+000
7.000820539711728e-005	3.374948e-003	0.000000e+000
7.000961073976387e-005	2.045294e-003	0.000000e+000
7.001092228892846e-005	1.172995e-003	0.000000e+000
7.001207455282162e-005	6.262027e-004	0.000000e+000
7.001308633225590e-005	2.701917e-004	0.000000e+000
7.001388813948797e-005	5.254229e-005	0.000000e+000
7.001464246771280e-005	-1.101019e-004	0.000000e+000
7.001538422129160e-005	-2.363827e-004	0.000000e+000
7.001661661328031e-005	-3.959804e-004	0.000000e+000
7.001796739269514e-005	-5.203635e-004	0.000000e+000
7.001977970649998e-005	-6.273706e-004	0.000000e+000
7.002169296454616e-005	-6.925162e-004	0.000000e+000
7.002416847289313e-005	-7.323178e-004	0.000000e+000
7.002690439158853e-005	-7.456444e-004	0.000000e+000
7.003051127651706e-005	-7.394567e-004	0.000000e+000
7.003480213289754e-005	-7.187920e-004	0.000000e+000
7.004915959711190e-005	-6.336002e-004	0.000000e+000
7.006323578613741e-005	-5.586916e-004	0.000000e+000
7.009044756976737e-005	-4.392196e-004	0.000000e+000
7.012978644962079e-005	-3.071685e-004	0.000000e+000
7.017089658663774e-005	-2.092483e-004	0.000000e+000
7.021484738405056e-005	-1.381372e-004	0.000000e+000
7.025487202018201e-005	-9.442357e-005	0.000000e+000
7.029661428834912e-005	-6.371575e-005	0.000000e+000
7.033673229174353e-005	-4.362316e-005	0.000000e+000
7.037854805635496e-005	-2.942209e-005	0.000000e+000
7.041906201397313e-005	-2.006483e-005	0.000000e+000
7.046065449231087e-005	-1.355633e-005	0.000000e+000
7.050128115583063e-005	-9.236468e-006	0.000000e+000
7.054272257432296e-005	-6.248996e-006	0.000000e+000
7.058347233768386e-005	-4.253220e-006	0.000000e+000
7.062482001597806e-005	-2.879846e-006	0.000000e+000
7.066565151331754e-005	-1.958700e-006	0.000000e+000
7.070692773271306e-005	-1.327069e-006	0.000000e+000
7.074783315075559e-005	-9.020037e-007	0.000000e+000
7.078905166447951e-005	-6.114308e-007	0.000000e+000
7.083000366846100e-005	-4.154203e-007	0.000000e+000
7.087118076591116e-005	-2.816977e-007	0.000000e+000
7.091216725819013e-005	-1.913351e-007	0.000000e+000
7.095331547525717e-005	-1.297772e-007	0.000000e+000
7.099432638674571e-005	-8.812884e-008	0.000000e+000
7.103545390822320e-005	-5.978602e-008	0.000000e+000
7.107648216011722e-005	-4.059328e-008	0.000000e+000
7.111759501180581e-005	-2.754170e-008	0.000000e+000
7.115863560707912e-005	-1.869817e-008	0.000000e+000
7.119973804135806e-005	-1.268746e-008	0.000000e+000
7.124078739778397e-005	-8.612915e-009	0.000000e+000
7.128188244035142e-005	-5.855231e-009	0.000000e+000
7.132539277846615e-005	-3.915444e-009	0.000000e+000
7.137673906345838e-005	-2.444818e-009	0.000000e+000
7.143494527978044e-005	-1.432819e-009	0.000000e+000
7.150428778219662e-005	-7.600081e-010	0.000000e+000
7.158551509238221e-005	-3.615908e-010	0.000000e+000
7.178551509238222e-005	-5.135193e-011	0.000000e+000
7.348551509238226e-005	-5.312644e-018	0.000000e+000
7.999999999999999e-005	0.000000e+000	0.000000e+000
8.000000229109862e-005	-2.288593e-004	2.291099e-003
8.000000687329587e-005	-6.863108e-004	6.873296e-003
8.000001094636040e-005	-1.092534e-003	1.094636e-002
8.000001535223417e-005	-1.531303e-003	1.535223e-002
8.000002416398168e-005	-2.407082e-003	2.416398e-002
8.000003658986785e-005	-3.638699e-003	3.658987e-002
8.000005140618333e-005	-5.102338e-003	5.140618e-002
8.000006500311473e-005	-6.440334e-003	6.500311e-002
8.000008150688321e-005	-8.057280e-003	8.150689e-002
8.000010150574479e-005	-1.000668e-002	1.015057e-001
8.000012717115449e-005	-1.249267e-002	1.271712e-001
8.000015870424502e-005	-1.552302e-002	1.587043e-001
8.000019866207073e-005	-1.932526e-002	1.986621e-001
8.000024811580281e-005	-2.397339e-002	2.481158e-001
8.000031054155061e-005	-2.975086e-002	3.105415e-001
8.000038830433004e-005	-3.680997e-002	3.883043e-001
8.000048640145573e-005	-4.550173e-002	4.864015e-001
8.000060931657485e-005	-5.606605e-002	6.093166e-001
8.000076471284611e-005	-6.905242e-002	7.647129e-001
8.000080396399494e-005	-7.224609e-002	8.039640e-001
8.000088246629259e-005	-7.846719e-002	8.824663e-001
8.000100000000000e-005	-8.763515e-002	1.000000e+000
8.000108227359517e-005	-7.761804e-002	9.177264e-001
8.000117630056110e-005	-6.649990e-002	8.236994e-001
8.000136435449294e-005	-4.517384e-002	6.356455e-001
8.000166382298795e-005	-1.322597e-002	3.361770e-001
8.000200000000000e-005	2.067843e-002	0.000000e+000
8.000223532390844e-005	1.939257e-002	0.000000e+000
8.000250426551808e-005	1.803619e-002	0.000000e+000
8.000304214873735e-005	1.564219e-002	0.000000e+000
8.000411791517592e-005	1.173136e-002	0.000000e+000
8.000552151965563e-005	7.861533e-003	0.000000e+000
8.000689802404001e-005	5.158965e-003	0.000000e+000
8.000822276106542e-005	3.360178e-003	0.000000e+000
8.000962620496616e-005	2.036669e-003	0.000000e+000
8.001093832054376e-005	1.166728e-003	0.000000e+000
8.001209005212771e-005	6.217575e-004	0.000000e+000
8.001309987581310e-005	2.673656e-004	0.000000e+000
8.001389882778638e-005	5.102071e-005	0.000000e+000
8.001465654968462e-005	-1.119314e-004	0.000000e+000
8.001540309378716e-005	-2.386269e-004	0.000000e+000
8.001663979009250e-005	-3.980945e-004	0.000000e+000
8.001799428586061e-005	-5.221284e-004	0.000000e+000
8.001981051046505e-005	-6.286170e-004	0.000000e+000
8.002172843011980e-005	-6.933399e-004	0.000000e+000
8.002420990914633e-005	-7.327356e-004	0.000000e+000
8.002695351023854e-005	-7.457604e-004	0.000000e+000
8.003057142138764e-005	-7.393177e-004	0.000000e+000
8.003487894558830e-005	-7.184513e-004	0.000000e+000
8.004931320742537e-005	-6.328018e-004	0.000000e+000
8.006350336735588e-005	-5.574620e-004	0.000000e+000
8.009109001958322e-005	-4.367252e-004	0.000000e+000
8.013017087998488e-005	-3.059912e-004	0.000000e+000
8.017109792119938e-005	-2.088560e-004	0.000000e+000
8.021504431118835e-005	-1.379181e-004	0.000000e+000
8.025511169280228e-005	-9.423758e-005	0.000000e+000
8.029686973494382e-005	-6.357763e-005	0.000000e+000
8.033698239577378e-005	-4.352985e-005	0.000000e+000
8.037879286742830e-005	-2.936075e-005	0.000000e+000
8.041930538048252e-005	-2.002340e-005	0.000000e+000
8.046089948082316e-005	-1.352815e-005	0.000000e+000
8.050152564511297e-005	-9.217300e-006	0.000000e+000
8.054296772316116e-005	-6.235988e-006	0.000000e+000
8.058371611215322e-005	-4.244420e-006	0.000000e+000
8.062506465498690e-005	-2.873866e-006	0.000000e+000
8.066589479940802e-005	-1.954656e-006	0.000000e+000
8.070717205761510e-005	-1.324318e-006	0.000000e+000
8.074807669462258e-005	-9.001399e-007	0.000000e+000
8.078929595788388e-005	-6.101633e-007	0.000000e+000
8.083024731479699e-005	-4.145616e-007	0.000000e+000
8.087142496284240e-005	-2.811140e-007	0.000000e+000
8.091241096997315e-005	-1.909394e-007	0.000000e+000
8.095355961882406e-005	-1.295084e-007	0.000000e+000
8.099457015099252e-005	-8.794657e-008	0.000000e+000
8.103569801257200e-005	-5.966218e-008	0.000000e+000
8.107672595894652e-005	-4.050931e-008	0.000000e+000
8.111783908819403e-005	-2.748467e-008	0.000000e+000
8.115887943031955e-005	-1.865948e-008	0.000000e+000
8.119998209847884e-005	-1.266119e-008	0.000000e+000
8.124103123785122e-005	-8.595095e-009	0.000000e+000
8.128212648417033e-005	-5.843300e-009	0.000000e+000
8.132568169571839e-005	-3.905946e-009	0.000000e+000
8.137705485628952e-005	-2.438273e-009	0.000000e+000
8.143532100579197e-005	-1.428217e-009	0.000000e+000
8.150471100603902e-005	-7.572377e-010	0.000000e+000
8.158603771478312e-005	-3.599191e-010	0.000000e+000
8.178603771478313e-005	-5.109818e-011	0.000000e+000
8.999999999999999e-005	0.000000e+000	0.000000e+000
9.000000145625485e-005	-1.455099e-004	1.456255e-003
9.000000436876459e-005	-4.364028e-004	4.368765e-003
9.000000792453514e-005	-7.912685e-004	7.924535e-003
9.000001193535446e-005	-1.191049e-003	1.193535e-002
9.000001995699310e-005	-1.989097e-003	1.995699e-002
9.000003245354992e-005	-3.229066e-003	3.245355e-002
9.000004703745873e-005	-4.671386e-003	4.703746e-002
9.000006085530317e-005	-6.032821e-003	6.085530e-002
9.000007563354017e-005	-7.482773e-003	7.563354e-002
9.000009478012124e-005	-9.352340e-003	9.478012e-002
9.000011811500076e-005	-1.161753e-002	1.181150e-001
9.000014800194184e-005	-1.449752e-002	1.480019e-001
9.000018468541691e-005	-1.800011e-002	1.846854e-001
9.000023119965512e-005	-2.239063e-002	2.311997e-001
9.000028879657066e-005	-2.774971e-002	2.887966e-001
9.000036156935081e-005	-3.440013e-002	3.615693e-001
9.000045229914796e-005	-4.250681e-002	4.522991e-001
9.000056690114207e-005	-5.246089e-002	5.669011e-001
9.000071070604852e-005	-6.457401e-002	7.107061e-001
9.000081783538762e-005	-7.327286e-002	8.178354e-001
9.000099999999999e-005	-8.763688e-002	1.000000e+000
9.000105464938370e-005	-8.096004e-002	9.453506e-001
9.000112751522865e-005	-7.223700e-002	8.724847e-001
9.000127324691855e-005	-5.541303e-002	7.267531e-001
9.000156471029835e-005	-2.314635e-002	4.352897e-001
9.000167676529033e-005	-1.127576e-002	3.232347e-001
9.000177589001604e-005	-1.150994e-003	2.241100e-001
9.000180175054858e-005	1.439166e-003	1.982494e-001
9.000185347161368e-005	6.542725e-003	1.465284e-001
9.000191382748773e-005	1.242635e-002	8.617251e-002
9.000200000000000e-005	2.065063e-002	0.000000e+000
9.000218809264985e-005	1.962006e-002	0.000000e+000
9.000237618529970e-005	1.864174e-002	0.000000e+000
9.000256427794956e-005	1.771565e-002	0.000000e+000
9.000275237059941e-005	1.684181e-002	0.000000e+000
9.000294046324927e-005	1.602021e-002	0.000000e+000
9.000312855589912e-005	1.525085e-002	0.000000e+000
9.000331664854897e-005	1.453373e-002	0.000000e+000
9.000463846042559e-005	1.016218e-002	0.000000e+000
9.000609292157468e-005	6.612886e-003	0.000000e+000
9.000743028516403e-005	4.354998e-003	0.000000e+000
9.000887259324030e-005	2.681548e-003	0.000000e+000
9.001018691120002e-005	1.615436e-003	0.000000e+000
9.001138718841732e-005	9.283058e-004	0.000000e+000
9.001249507128320e-005	4.657735e-004	0.000000e+000
9.001344105000856e-005	1.657534e-004	0.000000e+000
9.001411215983551e-005	-3.664453e-007	0.000000e+000
9.001496455746124e-005	-1.679261e-004	0.000000e+000
9.001583988912521e-005	-3.020255e-004	0.000000e+000
9.001721835843977e-005	-4.572338e-004	0.000000e+000
9.001867149653155e-005	-5.691048e-004	0.000000e+000
9.002062008342738e-005	-6.607813e-004	0.000000e+000
9.002266790695880e-005	-7.128666e-004	0.000000e+000
9.002535088823368e-005	-7.408567e-004	0.000000e+000
9.002832158622926e-005	-7.453876e-004	0.000000e+000
9.003231124528703e-005	-7.317585e-004	0.000000e+000
9.005418712206076e-005	-6.054885e-004	0.000000e+000
9.007267211764779e-005	-5.145319e-004	0.000000e+000
9.010964210882186e-005	-3.706019e-004	0.000000e+000
9.015185685464992e-005	-2.497912e-004	0.000000e+000
9.019185221121363e-005	-1.712190e-004	0.000000e+000
9.023441046612119e-005	-1.146600e-004	0.000000e+000
9.027447496836054e-005	-7.847566e-005	0.000000e+000
9.031636585231416e-005	-5.288684e-005	0.000000e+000
9.035668313815823e-005	-3.613328e-005	0.000000e+000
9.039839312455919e-005	-2.438970e-005	0.000000e+000
9.043893914055657e-005	-1.662910e-005	0.000000e+000
9.048046851218688e-005	-1.124173e-005	0.000000e+000
9.052114871790668e-005	-7.655938e-006	0.000000e+000
9.056255288714639e-005	-5.181302e-006	0.000000e+000
9.060333640606300e-005	-3.525478e-006	0.000000e+000
9.064465403678133e-005	-2.387717e-006	0.000000e+000
9.068550978628070e-005	-1.623644e-006	0.000000e+000
9.072676529876112e-005	-1.100257e-006	0.000000e+000
9.076768820865962e-005	-7.477277e-007	0.000000e+000
9.080889189904712e-005	-5.069185e-007	0.000000e+000
9.084985630704609e-005	-3.443753e-007	0.000000e+000
9.089102284692621e-005	-2.335432e-007	0.000000e+000
9.093201820743785e-005	-1.586154e-007	0.000000e+000
9.097315890727620e-005	-1.075913e-007	0.000000e+000
9.101417614826841e-005	-7.305891e-008	0.000000e+000
9.105529830447925e-005	-4.956498e-008	0.000000e+000
9.109633107886121e-005	-3.365213e-008	0.000000e+000
9.113744009769028e-005	-2.283303e-008	0.000000e+000
9.117848392928931e-005	-1.550100e-008	0.000000e+000
9.121958361979856e-005	-1.051830e-008	0.000000e+000
9.126063529679232e-005	-7.140232e-009	0.000000e+000
9.130172836994315e-005	-4.869136e-009	0.000000e+000
9.134951751551239e-005	-3.137996e-009	0.000000e+000
9.140334101780675e-005	-1.914081e-009	0.000000e+000
9.146728946519789e-005	-1.065770e-009	0.000000e+000
9.154108504171649e-005	-5.425759e-010	0.000000e+000
9.173199775659186e-005	-8.842578e-011	0.000000e+000
9.999899999993927e-005	1.491535e-028	0.000000e+000
9.999999999999999e-005	1.124680e-028	0.000000e+000
